0001_0023_0007_0054_0054.jpg 1 23 7 54 54
0002_0008_0006_0053_0053.jpg 1 8 6 53 53
0003_0007_0017_0049_0049.jpg 1 7 17 49 49
0004_0013_0037_0058_0058.jpg 1 13 37 58 58
0005_0023_0004_0063_0063.jpg 1 23 4 63 63
0006_0023_0051_0026_0026.jpg 1 23 51 26 26
0007_0022_0053_0037_0037.jpg 1 22 53 37 37
0008_0048_0057_0031_0031.jpg 1 48 57 31 31
0009_0032_0006_0038_0038.jpg 1 32 6 38 38
0010_0012_0010_0038_0038.jpg 1 12 10 38 38
0011_0004_0031_0060_0060.jpg 1 4 31 60 60
0012_0012_0030_0046_0046.jpg 1 12 30 46 46
0013_0023_0019_0048_0048.jpg 1 23 19 48 48
0014_0060_0017_0029_0029.jpg 1 60 17 29 29
0015_0021_0006_0035_0035.jpg 1 21 6 35 35
0016_0036_0019_0044_0044.jpg 1 36 19 44 44
0017_0049_0012_0037_0037.jpg 1 49 12 37 37
0018_0038_0037_0049_0049.jpg 1 38 37 49 49
0019_0014_0010_0064_0064.jpg 1 14 10 64 64
0020_0011_0013_0063_0063.jpg 1 11 13 63 63
0021_0019_0041_0028_0028.jpg 1 19 41 28 28
0022_0028_0031_0046_0046.jpg 1 28 31 46 46
0023_0022_0046_0037_0037.jpg 1 22 46 37 37
0024_0013_0026_0069_0069.jpg 1 13 26 69 69
0025_0037_0028_0044_0044.jpg 1 37 28 44 44
0026_0012_0021_0066_0066.jpg 1 12 21 66 66
0027_0004_0020_0060_0060.jpg 1 4 20 60 60
0028_0008_0004_0065_0065.jpg 1 8 4 65 65
0029_0021_0030_0039_0039.jpg 1 21 30 39 39
0030_0051_0043_0042_0042.jpg 1 51 43 42 42
0031_0032_0015_0063_0063.jpg 1 32 15 63 63
0032_0027_0013_0068_0068.jpg 1 27 13 68 68
0033_0028_0023_0049_0049.jpg 1 28 23 49 49
0034_0029_0048_0040_0040.jpg 1 29 48 40 40
0035_0013_0045_0041_0041.jpg 1 13 45 41 41
0036_0030_0016_0026_0026.jpg 1 30 16 26 26
0037_0033_0063_0024_0024.jpg 1 33 63 24 24
0038_0008_0016_0047_0047.jpg 1 8 16 47 47
0039_0008_0011_0033_0033.jpg 1 8 11 33 33
0040_0018_0065_0026_0026.jpg 1 18 65 26 26
0041_0017_0027_0034_0034.jpg 1 17 27 34 34
0042_0057_0015_0035_0035.jpg 1 57 15 35 35
0043_0017_0032_0042_0042.jpg 1 17 32 42 42
0044_0012_0047_0030_0030.jpg 1 12 47 30 30
0045_0020_0035_0054_0054.jpg 1 20 35 54 54
0046_0013_0005_0066_0066.jpg 1 13 5 66 66
0047_0030_0016_0051_0051.jpg 1 30 16 51 51
0048_0042_0034_0036_0036.jpg 1 42 34 36 36
0049_0046_0060_0027_0027.jpg 1 46 60 27 27
0050_0016_0007_0040_0040.jpg 1 16 7 40 40
0051_0007_0013_0047_0047.jpg 1 7 13 47 47
0052_0020_0028_0043_0043.jpg 1 20 28 43 43
0053_0018_0016_0063_0063.jpg 1 18 16 63 63
0054_0016_0010_0027_0027.jpg 1 16 10 27 27
0055_0018_0039_0030_0030.jpg 1 18 39 30 30
0056_0059_0048_0027_0027.jpg 1 59 48 27 27
0057_0018_0036_0048_0048.jpg 1 18 36 48 48
0058_0015_0020_0063_0063.jpg 1 15 20 63 63
0059_0036_0026_0037_0037.jpg 1 36 26 37 37
0060_0039_0040_0049_0049.jpg 1 39 40 49 49
0061_0018_0010_0024_0024.jpg 1 18 10 24 24
0062_0019_0021_0064_0064.jpg 1 19 21 64 64
0063_0015_0024_0062_0062.jpg 1 15 24 62 62
0064_0051_0036_0040_0040.jpg 1 51 36 40 40
0065_0052_0056_0024_0024.jpg 1 52 56 24 24
0066_0033_0030_0039_0039.jpg 1 33 30 39 39
0067_0016_0058_0033_0033.jpg 1 16 58 33 33
0068_0013_0040_0051_0051.jpg 1 13 40 51 51
0069_0012_0011_0044_0044.jpg 1 12 11 44 44
0070_0023_0038_0051_0051.jpg 1 23 38 51 51
0071_0007_0023_0054_0054.jpg 1 7 23 54 54
0072_0045_0018_0039_0039.jpg 1 45 18 39 39
0073_0031_0007_0060_0060.jpg 1 31 7 60 60
0074_0018_0013_0059_0059.jpg 1 18 13 59 59
0075_0019_0035_0055_0055.jpg 1 19 35 55 55
0076_0057_0026_0024_0024.jpg 1 57 26 24 24
0077_0028_0019_0043_0043.jpg 1 28 19 43 43
0078_0017_0016_0067_0067.jpg 1 17 16 67 67
0079_0033_0010_0042_0042.jpg 1 33 10 42 42
0080_0012_0007_0056_0056.jpg 1 12 7 56 56
0081_0057_0063_0025_0025.jpg 1 57 63 25 25
0082_0029_0043_0051_0051.jpg 1 29 43 51 51
0083_0007_0009_0068_0068.jpg 1 7 9 68 68
0084_0031_0019_0055_0055.jpg 1 31 19 55 55
0085_0040_0031_0025_0025.jpg 1 40 31 25 25
0086_0021_0007_0024_0024.jpg 1 21 7 24 24
0087_0016_0023_0062_0062.jpg 1 16 23 62 62
0088_0033_0017_0049_0049.jpg 1 33 17 49 49
0089_0007_0021_0063_0063.jpg 1 7 21 63 63
0090_0021_0017_0051_0051.jpg 1 21 17 51 51
0091_0035_0024_0036_0036.jpg 1 35 24 36 36
0092_0030_0011_0064_0064.jpg 1 30 11 64 64
0093_0046_0021_0041_0041.jpg 1 46 21 41 41
0094_0044_0024_0037_0037.jpg 1 44 24 37 37
0095_0018_0024_0052_0052.jpg 1 18 24 52 52
0096_0033_0044_0039_0039.jpg 1 33 44 39 39
0097_0032_0038_0036_0036.jpg 1 32 38 36 36
0098_0003_0021_0068_0068.jpg 1 3 21 68 68
0099_0007_0028_0056_0056.jpg 1 7 28 56 56
0100_0007_0035_0037_0037.jpg 1 7 35 37 37
0101_0022_0015_0041_0041.jpg 1 22 15 41 41
0102_0009_0015_0057_0057.jpg 1 9 15 57 57
0103_0030_0017_0037_0037.jpg 1 30 17 37 37
0104_0025_0004_0068_0068.jpg 1 25 4 68 68
0105_0061_0046_0031_0031.jpg 1 61 46 31 31
0106_0017_0013_0039_0039.jpg 1 17 13 39 39
0107_0028_0044_0037_0037.jpg 1 28 44 37 37
0108_0041_0045_0024_0024.jpg 1 41 45 24 24
0109_0008_0011_0066_0066.jpg 1 8 11 66 66
0110_0012_0015_0052_0052.jpg 1 12 15 52 52
0111_0012_0028_0038_0038.jpg 1 12 28 38 38
0112_0020_0010_0057_0057.jpg 1 20 10 57 57
0113_0046_0040_0040_0040.jpg 1 46 40 40 40
0114_0031_0018_0057_0057.jpg 1 31 18 57 57
0115_0020_0014_0066_0066.jpg 1 20 14 66 66
0116_0036_0021_0048_0048.jpg 1 36 21 48 48
0117_0029_0036_0059_0059.jpg 1 29 36 59 59
0118_0021_0012_0055_0055.jpg 1 21 12 55 55
0119_0063_0008_0027_0027.jpg 1 63 8 27 27
0120_0008_0010_0038_0038.jpg 1 8 10 38 38
0121_0032_0028_0050_0050.jpg 1 32 28 50 50
0122_0011_0035_0050_0050.jpg 1 11 35 50 50
0123_0046_0026_0044_0044.jpg 1 46 26 44 44
0124_0024_0023_0059_0059.jpg 1 24 23 59 59
0125_0040_0039_0051_0051.jpg 1 40 39 51 51
0126_0025_0056_0027_0027.jpg 1 25 56 27 27
0127_0031_0031_0062_0062.jpg 1 31 31 62 62
0128_0004_0008_0063_0063.jpg 1 4 8 63 63
0129_0022_0027_0044_0044.jpg 1 22 27 44 44
0130_0024_0014_0056_0056.jpg 1 24 14 56 56
0131_0041_0006_0049_0049.jpg 1 41 6 49 49
0132_0009_0033_0026_0026.jpg 1 9 33 26 26
0133_0016_0021_0068_0068.jpg 1 16 21 68 68
0134_0049_0030_0038_0038.jpg 1 49 30 38 38
0135_0009_0013_0060_0060.jpg 1 9 13 60 60
0136_0021_0022_0062_0062.jpg 1 21 22 62 62
0137_0007_0037_0047_0047.jpg 1 7 37 47 47
0138_0009_0036_0040_0040.jpg 1 9 36 40 40
0139_0013_0012_0066_0066.jpg 1 13 12 66 66
0140_0039_0064_0026_0026.jpg 1 39 64 26 26
0141_0049_0020_0042_0042.jpg 1 49 20 42 42
0142_0009_0013_0039_0039.jpg 1 9 13 39 39
0143_0020_0032_0024_0024.jpg 1 20 32 24 24
0144_0044_0015_0033_0033.jpg 1 44 15 33 33
0145_0015_0049_0033_0033.jpg 1 15 49 33 33
0146_0032_0012_0032_0032.jpg 1 32 12 32 32
0147_0035_0049_0027_0027.jpg 1 35 49 27 27
0148_0018_0023_0066_0066.jpg 1 18 23 66 66
0149_0044_0046_0035_0035.jpg 1 44 46 35 35
0150_0030_0026_0048_0048.jpg 1 30 26 48 48
0151_0039_0037_0047_0047.jpg 1 39 37 47 47
0152_0015_0021_0037_0037.jpg 1 15 21 37 37
0153_0016_0012_0063_0063.jpg 1 16 12 63 63
0154_0023_0044_0034_0034.jpg 1 23 44 34 34
0155_0034_0039_0044_0044.jpg 1 34 39 44 44
0156_0017_0009_0033_0033.jpg 1 17 9 33 33
0157_0026_0012_0062_0062.jpg 1 26 12 62 62
0158_0040_0036_0052_0052.jpg 1 40 36 52 52
0159_0007_0059_0031_0031.jpg 1 7 59 31 31
0160_0021_0006_0060_0060.jpg 1 21 6 60 60
0161_0030_0036_0058_0058.jpg 1 30 36 58 58
0162_0004_0005_0067_0067.jpg 1 4 5 67 67
0163_0030_0010_0043_0043.jpg 1 30 10 43 43
0164_0018_0030_0060_0060.jpg 1 18 30 60 60
0165_0011_0013_0041_0041.jpg 1 11 13 41 41
0166_0015_0007_0059_0059.jpg 1 15 7 59 59
0167_0008_0026_0061_0061.jpg 1 8 26 61 61
0168_0008_0012_0064_0064.jpg 1 8 12 64 64
0169_0041_0052_0025_0025.jpg 1 41 52 25 25
0170_0045_0032_0034_0034.jpg 1 45 32 34 34
0171_0013_0038_0034_0034.jpg 1 13 38 34 34
0172_0008_0043_0027_0027.jpg 1 8 43 27 27
0173_0009_0027_0068_0068.jpg 1 9 27 68 68
0174_0041_0044_0049_0049.jpg 1 41 44 49 49
0175_0053_0008_0031_0031.jpg 1 53 8 31 31
0176_0014_0026_0028_0028.jpg 1 14 26 28 28
0177_0014_0029_0058_0058.jpg 1 14 29 58 58
0178_0024_0050_0039_0039.jpg 1 24 50 39 39
0179_0047_0024_0026_0026.jpg 1 47 24 26 26
0180_0017_0027_0059_0059.jpg 1 17 27 59 59
0181_0036_0016_0053_0053.jpg 1 36 16 53 53
0182_0012_0020_0068_0068.jpg 1 12 20 68 68
0183_0033_0033_0061_0061.jpg 1 33 33 61 61
0184_0020_0018_0041_0041.jpg 1 20 18 41 41
0185_0026_0009_0065_0065.jpg 1 26 9 65 65
0186_0020_0028_0067_0067.jpg 1 20 28 67 67
0187_0020_0009_0069_0069.jpg 1 20 9 69 69
0188_0059_0065_0026_0026.jpg 1 59 65 26 26
0189_0051_0008_0037_0037.jpg 1 51 8 37 37
0190_0024_0013_0040_0040.jpg 1 24 13 40 40
0191_0039_0039_0037_0037.jpg 1 39 39 37 37
0192_0031_0054_0028_0028.jpg 1 31 54 28 28
0193_0018_0032_0039_0039.jpg 1 18 32 39 39
0194_0011_0053_0030_0030.jpg 1 11 53 30 30
0195_0003_0026_0068_0068.jpg 1 3 26 68 68
0196_0029_0048_0045_0045.jpg 1 29 48 45 45
0197_0024_0008_0059_0059.jpg 1 24 8 59 59
0198_0019_0005_0048_0048.jpg 1 19 5 48 48
0199_0032_0044_0026_0026.jpg 1 32 44 26 26
0200_0062_0029_0024_0024.jpg 1 62 29 24 24
0201_0003_0011_0064_0064.jpg 1 3 11 64 64
0202_0048_0030_0042_0042.jpg 1 48 30 42 42
0203_0024_0021_0065_0065.jpg 1 24 21 65 65
0204_0008_0025_0069_0069.jpg 1 8 25 69 69
0205_0022_0026_0062_0062.jpg 1 22 26 62 62
0206_0019_0022_0055_0055.jpg 1 19 22 55 55
0207_0050_0021_0043_0043.jpg 1 50 21 43 43
0208_0055_0053_0038_0038.jpg 1 55 53 38 38
0209_0047_0013_0031_0031.jpg 1 47 13 31 31
0210_0013_0026_0053_0053.jpg 1 13 26 53 53
0211_0013_0009_0050_0050.jpg 1 13 9 50 50
0212_0016_0019_0069_0069.jpg 1 16 19 69 69
0213_0043_0013_0028_0028.jpg 1 43 13 28 28
0214_0029_0028_0042_0042.jpg 1 29 28 42 42
0215_0017_0025_0054_0054.jpg 1 17 25 54 54
0216_0034_0016_0048_0048.jpg 1 34 16 48 48
0217_0016_0032_0062_0062.jpg 1 16 32 62 62
0218_0055_0020_0031_0031.jpg 1 55 20 31 31
0219_0008_0007_0056_0056.jpg 1 8 7 56 56
0220_0053_0042_0035_0035.jpg 1 53 42 35 35
0221_0053_0048_0029_0029.jpg 1 53 48 29 29
0222_0018_0024_0056_0056.jpg 1 18 24 56 56
0223_0027_0006_0064_0064.jpg 1 27 6 64 64
0224_0034_0028_0055_0055.jpg 1 34 28 55 55
0225_0018_0043_0041_0041.jpg 1 18 43 41 41
0226_0021_0018_0055_0055.jpg 1 21 18 55 55
0227_0014_0018_0063_0063.jpg 1 14 18 63 63
0228_0016_0009_0068_0068.jpg 1 16 9 68 68
0229_0033_0014_0039_0039.jpg 1 33 14 39 39
0230_0043_0066_0024_0024.jpg 1 43 66 24 24
0231_0059_0061_0032_0032.jpg 1 59 61 32 32
0232_0061_0014_0031_0031.jpg 1 61 14 31 31
0233_0051_0052_0033_0033.jpg 1 51 52 33 33
0234_0025_0033_0037_0037.jpg 1 25 33 37 37
0235_0011_0023_0051_0051.jpg 1 11 23 51 51
0236_0016_0008_0057_0057.jpg 1 16 8 57 57
0237_0033_0018_0031_0031.jpg 1 33 18 31 31
0238_0026_0036_0029_0029.jpg 1 26 36 29 29
0239_0033_0023_0046_0046.jpg 1 33 23 46 46
0240_0021_0015_0059_0059.jpg 1 21 15 59 59
0241_0039_0020_0053_0053.jpg 1 39 20 53 53
0242_0039_0044_0048_0048.jpg 1 39 44 48 48
0243_0009_0018_0037_0037.jpg 1 9 18 37 37
0244_0012_0039_0047_0047.jpg 1 12 39 47 47
0245_0021_0027_0061_0061.jpg 1 21 27 61 61
0246_0045_0046_0036_0036.jpg 1 45 46 36 36
0247_0004_0028_0056_0056.jpg 1 4 28 56 56
0248_0025_0027_0054_0054.jpg 1 25 27 54 54
0249_0021_0004_0064_0064.jpg 1 21 4 64 64
0250_0043_0026_0038_0038.jpg 1 43 26 38 38
0251_0047_0016_0037_0037.jpg 1 47 16 37 37
0252_0020_0019_0058_0058.jpg 1 20 19 58 58
0253_0006_0043_0046_0046.jpg 1 6 43 46 46
0254_0047_0060_0028_0028.jpg 1 47 60 28 28
0255_0023_0016_0051_0051.jpg 1 23 16 51 51
0256_0007_0045_0046_0046.jpg 1 7 45 46 46
0257_0024_0025_0026_0026.jpg 1 24 25 26 26
0258_0025_0015_0069_0069.jpg 1 25 15 69 69
0259_0019_0034_0060_0060.jpg 1 19 34 60 60
0260_0039_0053_0034_0034.jpg 1 39 53 34 34
0261_0025_0049_0035_0035.jpg 1 25 49 35 35
0262_0034_0034_0053_0053.jpg 1 34 34 53 53
0263_0025_0030_0063_0063.jpg 1 25 30 63 63
0264_0042_0053_0035_0035.jpg 1 42 53 35 35
0265_0036_0009_0034_0034.jpg 1 36 9 34 34
0266_0047_0022_0038_0038.jpg 1 47 22 38 38
0267_0013_0007_0069_0069.jpg 1 13 7 69 69
0268_0044_0035_0032_0032.jpg 1 44 35 32 32
0269_0028_0060_0029_0029.jpg 1 28 60 29 29
0270_0028_0049_0038_0038.jpg 1 28 49 38 38
0271_0056_0024_0025_0025.jpg 1 56 24 25 25
0272_0051_0044_0041_0041.jpg 1 51 44 41 41
0273_0025_0017_0038_0038.jpg 1 25 17 38 38
0274_0044_0041_0042_0042.jpg 1 44 41 42 42
0275_0010_0025_0063_0063.jpg 1 10 25 63 63
0276_0035_0033_0035_0035.jpg 1 35 33 35 35
0277_0006_0024_0067_0067.jpg 1 6 24 67 67
0278_0059_0027_0024_0024.jpg 1 59 27 24 24
0279_0038_0018_0054_0054.jpg 1 38 18 54 54
0280_0009_0026_0055_0055.jpg 1 9 26 55 55
0281_0060_0061_0031_0031.jpg 1 60 61 31 31
0282_0034_0012_0061_0061.jpg 1 34 12 61 61
0283_0045_0038_0042_0042.jpg 1 45 38 42 42
0284_0045_0033_0043_0043.jpg 1 45 33 43 43
0285_0045_0007_0049_0049.jpg 1 45 7 49 49
0286_0004_0029_0067_0067.jpg 1 4 29 67 67
0287_0042_0025_0030_0030.jpg 1 42 25 30 30
0288_0018_0047_0043_0043.jpg 1 18 47 43 43
0289_0038_0028_0048_0048.jpg 1 38 28 48 48
0290_0012_0046_0047_0047.jpg 1 12 46 47 47
0291_0024_0017_0044_0044.jpg 1 24 17 44 44
0292_0012_0019_0032_0032.jpg 1 12 19 32 32
0293_0025_0027_0054_0054.jpg 1 25 27 54 54
0294_0025_0011_0062_0062.jpg 1 25 11 62 62
0295_0016_0011_0059_0059.jpg 1 16 11 59 59
0296_0057_0017_0033_0033.jpg 1 57 17 33 33
0297_0019_0034_0054_0054.jpg 1 19 34 54 54
0298_0049_0016_0025_0025.jpg 1 49 16 25 25
0299_0038_0025_0045_0045.jpg 1 38 25 45 45
0300_0026_0033_0044_0044.jpg 1 26 33 44 44
0301_0019_0016_0059_0059.jpg 1 19 16 59 59
0302_0020_0037_0043_0043.jpg 1 20 37 43 43
0303_0049_0020_0044_0044.jpg 1 49 20 44 44
0304_0031_0008_0048_0048.jpg 1 31 8 48 48
0305_0008_0024_0051_0051.jpg 1 8 24 51 51
0306_0059_0056_0024_0024.jpg 1 59 56 24 24
0307_0027_0029_0055_0055.jpg 1 27 29 55 55
0308_0005_0024_0066_0066.jpg 1 5 24 66 66
0309_0027_0017_0061_0061.jpg 1 27 17 61 61
0310_0044_0030_0048_0048.jpg 1 44 30 48 48
0311_0047_0033_0026_0026.jpg 1 47 33 26 26
0312_0024_0021_0054_0054.jpg 1 24 21 54 54
0313_0013_0028_0067_0067.jpg 1 13 28 67 67
0314_0035_0013_0038_0038.jpg 1 35 13 38 38
0315_0042_0027_0031_0031.jpg 1 42 27 31 31
0316_0026_0017_0038_0038.jpg 1 26 17 38 38
0317_0050_0010_0032_0032.jpg 1 50 10 32 32
0318_0037_0023_0029_0029.jpg 1 37 23 29 29
0319_0017_0010_0035_0035.jpg 1 17 10 35 35
0320_0033_0017_0059_0059.jpg 1 33 17 59 59
0321_0013_0013_0038_0038.jpg 1 13 13 38 38
0322_0020_0019_0067_0067.jpg 1 20 19 67 67
0323_0036_0052_0030_0030.jpg 1 36 52 30 30
0324_0037_0036_0031_0031.jpg 1 37 36 31 31
0325_0009_0027_0052_0052.jpg 1 9 27 52 52
0326_0019_0021_0026_0026.jpg 1 19 21 26 26
0327_0037_0028_0024_0024.jpg 1 37 28 24 24
0328_0022_0006_0060_0060.jpg 1 22 6 60 60
0329_0022_0033_0052_0052.jpg 1 22 33 52 52
0330_0019_0030_0055_0055.jpg 1 19 30 55 55
0331_0020_0049_0037_0037.jpg 1 20 49 37 37
0332_0009_0014_0063_0063.jpg 1 9 14 63 63
0333_0024_0053_0030_0030.jpg 1 24 53 30 30
0334_0049_0065_0025_0025.jpg 1 49 65 25 25
0335_0027_0038_0049_0049.jpg 1 27 38 49 49
0336_0010_0029_0046_0046.jpg 1 10 29 46 46
0337_0040_0056_0025_0025.jpg 1 40 56 25 25
0338_0008_0064_0028_0028.jpg 1 8 64 28 28
0339_0006_0045_0043_0043.jpg 1 6 45 43 43
0340_0036_0021_0047_0047.jpg 1 36 21 47 47
0341_0017_0018_0029_0029.jpg 1 17 18 29 29
0342_0022_0046_0047_0047.jpg 1 22 46 47 47
0343_0034_0035_0042_0042.jpg 1 34 35 42 42
0344_0039_0009_0041_0041.jpg 1 39 9 41 41
0345_0053_0008_0024_0024.jpg 1 53 8 24 24
0346_0012_0047_0046_0046.jpg 1 12 47 46 46
0347_0005_0030_0057_0057.jpg 1 5 30 57 57
0348_0017_0022_0024_0024.jpg 1 17 22 24 24
0349_0045_0041_0028_0028.jpg 1 45 41 28 28
0350_0018_0036_0055_0055.jpg 1 18 36 55 55
0351_0006_0031_0039_0039.jpg 1 6 31 39 39
0352_0010_0030_0058_0058.jpg 1 10 30 58 58
0353_0036_0033_0037_0037.jpg 1 36 33 37 37
0354_0023_0023_0024_0024.jpg 1 23 23 24 24
0355_0033_0040_0053_0053.jpg 1 33 40 53 53
0356_0016_0047_0027_0027.jpg 1 16 47 27 27
0357_0060_0036_0024_0024.jpg 1 60 36 24 24
0358_0020_0015_0050_0050.jpg 1 20 15 50 50
0359_0018_0032_0044_0044.jpg 1 18 32 44 44
0360_0007_0038_0055_0055.jpg 1 7 38 55 55
0361_0024_0005_0066_0066.jpg 1 24 5 66 66
0362_0018_0024_0049_0049.jpg 1 18 24 49 49
0363_0027_0016_0063_0063.jpg 1 27 16 63 63
0364_0010_0032_0031_0031.jpg 1 10 32 31 31
0365_0004_0022_0069_0069.jpg 1 4 22 69 69
0366_0053_0054_0024_0024.jpg 1 53 54 24 24
0367_0011_0044_0028_0028.jpg 1 11 44 28 28
0368_0039_0057_0026_0026.jpg 1 39 57 26 26
0369_0014_0053_0032_0032.jpg 1 14 53 32 32
0370_0005_0011_0061_0061.jpg 1 5 11 61 61
0371_0045_0036_0043_0043.jpg 1 45 36 43 43
0372_0040_0019_0048_0048.jpg 1 40 19 48 48
0373_0032_0008_0046_0046.jpg 1 32 8 46 46
0374_0026_0007_0048_0048.jpg 1 26 7 48 48
0375_0010_0028_0066_0066.jpg 1 10 28 66 66
0376_0022_0037_0046_0046.jpg 1 22 37 46 46
0377_0028_0029_0054_0054.jpg 1 28 29 54 54
0378_0050_0021_0034_0034.jpg 1 50 21 34 34
0379_0042_0034_0050_0050.jpg 1 42 34 50 50
0380_0015_0015_0034_0034.jpg 1 15 15 34 34
0381_0015_0023_0034_0034.jpg 1 15 23 34 34
0382_0021_0041_0046_0046.jpg 1 21 41 46 46
0383_0026_0010_0063_0063.jpg 1 26 10 63 63
0384_0009_0005_0044_0044.jpg 1 9 5 44 44
0385_0030_0049_0035_0035.jpg 1 30 49 35 35
0386_0044_0023_0027_0027.jpg 1 44 23 27 27
0387_0004_0008_0064_0064.jpg 1 4 8 64 64
0388_0027_0052_0026_0026.jpg 1 27 52 26 26
0389_0028_0013_0034_0034.jpg 1 28 13 34 34
0390_0045_0055_0025_0025.jpg 1 45 55 25 25
0391_0052_0057_0027_0027.jpg 1 52 57 27 27
0392_0052_0062_0028_0028.jpg 1 52 62 28 28
0393_0060_0015_0026_0026.jpg 1 60 15 26 26
0394_0014_0053_0040_0040.jpg 1 14 53 40 40
0395_0025_0009_0033_0033.jpg 1 25 9 33 33
0396_0016_0004_0051_0051.jpg 1 16 4 51 51
0397_0011_0024_0059_0059.jpg 1 11 24 59 59
0398_0026_0051_0027_0027.jpg 1 26 51 27 27
0399_0040_0047_0028_0028.jpg 1 40 47 28 28
0400_0016_0006_0044_0044.jpg 1 16 6 44 44
0401_0022_0046_0048_0048.jpg 1 22 46 48 48
0402_0024_0008_0065_0065.jpg 1 24 8 65 65
0403_0015_0004_0053_0053.jpg 1 15 4 53 53
0404_0041_0047_0036_0036.jpg 1 41 47 36 36
0405_0035_0022_0043_0043.jpg 1 35 22 43 43
0406_0010_0028_0038_0038.jpg 1 10 28 38 38
0407_0027_0009_0054_0054.jpg 1 27 9 54 54
0408_0052_0037_0036_0036.jpg 1 52 37 36 36
0409_0034_0018_0042_0042.jpg 1 34 18 42 42
0410_0023_0039_0037_0037.jpg 1 23 39 37 37
0411_0019_0012_0053_0053.jpg 1 19 12 53 53
0412_0046_0012_0032_0032.jpg 1 46 12 32 32
0413_0060_0041_0026_0026.jpg 1 60 41 26 26
0414_0018_0044_0035_0035.jpg 1 18 44 35 35
0415_0020_0006_0061_0061.jpg 1 20 6 61 61
0416_0058_0017_0028_0028.jpg 1 58 17 28 28
0417_0016_0020_0052_0052.jpg 1 16 20 52 52
0418_0020_0011_0064_0064.jpg 1 20 11 64 64
0419_0014_0013_0063_0063.jpg 1 14 13 63 63
0420_0025_0048_0039_0039.jpg 1 25 48 39 39
0421_0013_0034_0059_0059.jpg 1 13 34 59 59
0422_0048_0032_0029_0029.jpg 1 48 32 29 29
0423_0004_0031_0064_0064.jpg 1 4 31 64 64
0424_0053_0016_0037_0037.jpg 1 53 16 37 37
0425_0021_0020_0046_0046.jpg 1 21 20 46 46
0426_0027_0029_0063_0063.jpg 1 27 29 63 63
0427_0056_0035_0036_0036.jpg 1 56 35 36 36
0428_0017_0010_0042_0042.jpg 1 17 10 42 42
0429_0012_0019_0069_0069.jpg 1 12 19 69 69
0430_0007_0015_0068_0068.jpg 1 7 15 68 68
0431_0010_0041_0046_0046.jpg 1 10 41 46 46
0432_0016_0009_0066_0066.jpg 1 16 9 66 66
0433_0042_0028_0049_0049.jpg 1 42 28 49 49
0434_0057_0029_0029_0029.jpg 1 57 29 29 29
0435_0024_0046_0029_0029.jpg 1 24 46 29 29
0436_0018_0026_0065_0065.jpg 1 18 26 65 65
0437_0041_0027_0043_0043.jpg 1 41 27 43 43
0438_0039_0034_0052_0052.jpg 1 39 34 52 52
0439_0038_0010_0048_0048.jpg 1 38 10 48 48
0440_0018_0023_0066_0066.jpg 1 18 23 66 66
0441_0012_0010_0054_0054.jpg 1 12 10 54 54
0442_0029_0040_0041_0041.jpg 1 29 40 41 41
0443_0015_0029_0067_0067.jpg 1 15 29 67 67
0444_0015_0014_0030_0030.jpg 1 15 14 30 30
0445_0028_0050_0026_0026.jpg 1 28 50 26 26
0446_0032_0012_0056_0056.jpg 1 32 12 56 56
0447_0025_0058_0031_0031.jpg 1 25 58 31 31
0448_0025_0013_0068_0068.jpg 1 25 13 68 68
0449_0020_0019_0066_0066.jpg 1 20 19 66 66
0450_0055_0054_0031_0031.jpg 1 55 54 31 31
0451_0037_0015_0049_0049.jpg 1 37 15 49 49
0452_0042_0012_0030_0030.jpg 1 42 12 30 30
0453_0011_0019_0028_0028.jpg 1 11 19 28 28
0454_0023_0038_0050_0050.jpg 1 23 38 50 50
0455_0007_0028_0062_0062.jpg 1 7 28 62 62
0456_0043_0038_0046_0046.jpg 1 43 38 46 46
0457_0029_0004_0057_0057.jpg 1 29 4 57 57
0458_0036_0029_0058_0058.jpg 1 36 29 58 58
0459_0052_0057_0026_0026.jpg 1 52 57 26 26
0460_0010_0031_0060_0060.jpg 1 10 31 60 60
0461_0009_0021_0030_0030.jpg 1 9 21 30 30
0462_0011_0033_0043_0043.jpg 1 11 33 43 43
0463_0042_0050_0037_0037.jpg 1 42 50 37 37
0464_0023_0022_0057_0057.jpg 1 23 22 57 57
0465_0011_0036_0059_0059.jpg 1 11 36 59 59
0466_0023_0034_0031_0031.jpg 1 23 34 31 31
0467_0034_0023_0060_0060.jpg 1 34 23 60 60
0468_0029_0024_0056_0056.jpg 1 29 24 56 56
0469_0018_0023_0068_0068.jpg 1 18 23 68 68
0470_0047_0039_0032_0032.jpg 1 47 39 32 32
0471_0037_0036_0049_0049.jpg 1 37 36 49 49
0472_0025_0014_0056_0056.jpg 1 25 14 56 56
0473_0027_0020_0069_0069.jpg 1 27 20 69 69
0474_0013_0010_0035_0035.jpg 1 13 10 35 35
0475_0014_0049_0044_0044.jpg 1 14 49 44 44
0476_0042_0026_0036_0036.jpg 1 42 26 36 36
0477_0008_0009_0056_0056.jpg 1 8 9 56 56
0478_0037_0039_0051_0051.jpg 1 37 39 51 51
0479_0010_0021_0066_0066.jpg 1 10 21 66 66
0480_0026_0048_0035_0035.jpg 1 26 48 35 35
0481_0005_0034_0053_0053.jpg 1 5 34 53 53
0482_0017_0027_0054_0054.jpg 1 17 27 54 54
0483_0014_0026_0067_0067.jpg 1 14 26 67 67
0484_0015_0024_0057_0057.jpg 1 15 24 57 57
0485_0013_0016_0057_0057.jpg 1 13 16 57 57
0486_0041_0036_0031_0031.jpg 1 41 36 31 31
0487_0005_0009_0067_0067.jpg 1 5 9 67 67
0488_0027_0025_0066_0066.jpg 1 27 25 66 66
0489_0033_0032_0035_0035.jpg 1 33 32 35 35
0490_0020_0012_0059_0059.jpg 1 20 12 59 59
0491_0034_0036_0048_0048.jpg 1 34 36 48 48
0492_0034_0031_0024_0024.jpg 1 34 31 24 24
0493_0032_0034_0055_0055.jpg 1 32 34 55 55
0494_0060_0046_0031_0031.jpg 1 60 46 31 31
0495_0024_0036_0046_0046.jpg 1 24 36 46 46
0496_0052_0010_0027_0027.jpg 1 52 10 27 27
0497_0037_0026_0052_0052.jpg 1 37 26 52 52
0498_0028_0007_0059_0059.jpg 1 28 7 59 59
0499_0016_0027_0054_0054.jpg 1 16 27 54 54
0500_0018_0006_0064_0064.jpg 1 18 6 64 64
0501_0029_0029_0048_0048.jpg 1 29 29 48 48
0502_0019_0024_0056_0056.jpg 1 19 24 56 56
0503_0028_0035_0057_0057.jpg 1 28 35 57 57
0504_0014_0013_0063_0063.jpg 1 14 13 63 63
0505_0017_0011_0061_0061.jpg 1 17 11 61 61
0506_0004_0017_0053_0053.jpg 1 4 17 53 53
0507_0042_0007_0030_0030.jpg 1 42 7 30 30
0508_0023_0032_0064_0064.jpg 1 23 32 64 64
0509_0036_0013_0047_0047.jpg 1 36 13 47 47
0510_0011_0017_0053_0053.jpg 1 11 17 53 53
0511_0025_0012_0026_0026.jpg 1 25 12 26 26
0512_0042_0033_0033_0033.jpg 1 42 33 33 33
0513_0006_0024_0035_0035.jpg 1 6 24 35 35
0514_0050_0019_0028_0028.jpg 1 50 19 28 28
0515_0022_0065_0026_0026.jpg 1 22 65 26 26
0516_0045_0028_0038_0038.jpg 1 45 28 38 38
0517_0033_0046_0028_0028.jpg 1 33 46 28 28
0518_0006_0012_0050_0050.jpg 1 6 12 50 50
0519_0057_0011_0031_0031.jpg 1 57 11 31 31
0520_0011_0016_0061_0061.jpg 1 11 16 61 61
0521_0018_0013_0048_0048.jpg 1 18 13 48 48
0522_0010_0038_0055_0055.jpg 1 10 38 55 55
0523_0036_0009_0055_0055.jpg 1 36 9 55 55
0524_0019_0047_0037_0037.jpg 1 19 47 37 37
0525_0015_0045_0029_0029.jpg 1 15 45 29 29
0526_0016_0013_0068_0068.jpg 1 16 13 68 68
0527_0027_0020_0026_0026.jpg 1 27 20 26 26
0528_0030_0056_0032_0032.jpg 1 30 56 32 32
0529_0018_0031_0051_0051.jpg 1 18 31 51 51
0530_0006_0032_0056_0056.jpg 1 6 32 56 56
0531_0017_0024_0057_0057.jpg 1 17 24 57 57
0532_0012_0023_0055_0055.jpg 1 12 23 55 55
0533_0018_0016_0052_0052.jpg 1 18 16 52 52
0534_0022_0011_0068_0068.jpg 1 22 11 68 68
0535_0038_0033_0024_0024.jpg 1 38 33 24 24
0536_0011_0044_0050_0050.jpg 1 11 44 50 50
0537_0011_0010_0054_0054.jpg 1 11 10 54 54
0538_0053_0012_0036_0036.jpg 1 53 12 36 36
0539_0056_0065_0025_0025.jpg 1 56 65 25 25
0540_0030_0008_0031_0031.jpg 1 30 8 31 31
0541_0022_0008_0067_0067.jpg 1 22 8 67 67
0542_0028_0012_0051_0051.jpg 1 28 12 51 51
0543_0027_0009_0048_0048.jpg 1 27 9 48 48
0544_0009_0041_0026_0026.jpg 1 9 41 26 26
0545_0014_0038_0034_0034.jpg 1 14 38 34 34
0546_0055_0017_0033_0033.jpg 1 55 17 33 33
0547_0014_0019_0061_0061.jpg 1 14 19 61 61
0548_0024_0049_0030_0030.jpg 1 24 49 30 30
0549_0010_0024_0058_0058.jpg 1 10 24 58 58
0550_0023_0020_0051_0051.jpg 1 23 20 51 51
0551_0036_0014_0046_0046.jpg 1 36 14 46 46
0552_0018_0035_0043_0043.jpg 1 18 35 43 43
0553_0045_0033_0026_0026.jpg 1 45 33 26 26
0554_0048_0030_0033_0033.jpg 1 48 30 33 33
0555_0019_0040_0048_0048.jpg 1 19 40 48 48
0556_0031_0010_0064_0064.jpg 1 31 10 64 64
0557_0021_0008_0066_0066.jpg 1 21 8 66 66
0558_0027_0019_0047_0047.jpg 1 27 19 47 47
0559_0014_0008_0069_0069.jpg 1 14 8 69 69
0560_0048_0017_0038_0038.jpg 1 48 17 38 38
0561_0020_0042_0033_0033.jpg 1 20 42 33 33
0562_0004_0012_0055_0055.jpg 1 4 12 55 55
0563_0010_0011_0067_0067.jpg 1 10 11 67 67
0564_0012_0054_0039_0039.jpg 1 12 54 39 39
0565_0019_0013_0055_0055.jpg 1 19 13 55 55
0566_0023_0019_0054_0054.jpg 1 23 19 54 54
0567_0020_0013_0041_0041.jpg 1 20 13 41 41
0568_0022_0028_0030_0030.jpg 1 22 28 30 30
0569_0021_0023_0069_0069.jpg 1 21 23 69 69
0570_0023_0003_0064_0064.jpg 1 23 3 64 64
0571_0053_0046_0027_0027.jpg 1 53 46 27 27
0572_0015_0035_0040_0040.jpg 1 15 35 40 40
0573_0034_0030_0046_0046.jpg 1 34 30 46 46
0574_0056_0009_0031_0031.jpg 1 56 9 31 31
0575_0007_0032_0041_0041.jpg 1 7 32 41 41
0576_0054_0017_0025_0025.jpg 1 54 17 25 25
0577_0064_0061_0027_0027.jpg 1 64 61 27 27
0578_0024_0011_0058_0058.jpg 1 24 11 58 58
0579_0046_0017_0034_0034.jpg 1 46 17 34 34
0580_0014_0034_0044_0044.jpg 1 14 34 44 44
0581_0062_0032_0029_0029.jpg 1 62 32 29 29
0582_0023_0024_0066_0066.jpg 1 23 24 66 66
0583_0017_0017_0066_0066.jpg 1 17 17 66 66
0584_0010_0020_0068_0068.jpg 1 10 20 68 68
0585_0008_0035_0038_0038.jpg 1 8 35 38 38
0586_0015_0029_0027_0027.jpg 1 15 29 27 27
0587_0013_0055_0024_0024.jpg 1 13 55 24 24
0588_0024_0022_0069_0069.jpg 1 24 22 69 69
0589_0042_0034_0050_0050.jpg 1 42 34 50 50
0590_0038_0007_0049_0049.jpg 1 38 7 49 49
0591_0049_0038_0034_0034.jpg 1 49 38 34 34
0592_0014_0008_0056_0056.jpg 1 14 8 56 56
0593_0007_0029_0065_0065.jpg 1 7 29 65 65
0594_0023_0050_0044_0044.jpg 1 23 50 44 44
0595_0053_0043_0038_0038.jpg 1 53 43 38 38
0596_0039_0041_0028_0028.jpg 1 39 41 28 28
0597_0023_0050_0034_0034.jpg 1 23 50 34 34
0598_0025_0023_0049_0049.jpg 1 25 23 49 49
0599_0007_0032_0063_0063.jpg 1 7 32 63 63
0600_0037_0024_0058_0058.jpg 1 37 24 58 58
0601_0037_0034_0038_0038.jpg 1 37 34 38 38
0602_0012_0041_0032_0032.jpg 1 12 41 32 32
0603_0038_0007_0035_0035.jpg 1 38 7 35 35
0604_0015_0035_0055_0055.jpg 1 15 35 55 55
0605_0008_0028_0053_0053.jpg 1 8 28 53 53
0606_0057_0037_0029_0029.jpg 1 57 37 29 29
0607_0037_0018_0049_0049.jpg 1 37 18 49 49
0608_0016_0022_0041_0041.jpg 1 16 22 41 41
0609_0009_0042_0036_0036.jpg 1 9 42 36 36
0610_0034_0045_0043_0043.jpg 1 34 45 43 43
0611_0031_0008_0037_0037.jpg 1 31 8 37 37
0612_0038_0015_0045_0045.jpg 1 38 15 45 45
0613_0018_0024_0056_0056.jpg 1 18 24 56 56
0614_0038_0052_0037_0037.jpg 1 38 52 37 37
0615_0022_0043_0043_0043.jpg 1 22 43 43 43
0616_0023_0026_0056_0056.jpg 1 23 26 56 56
0617_0006_0004_0060_0060.jpg 1 6 4 60 60
0618_0010_0028_0025_0025.jpg 1 10 28 25 25
0619_0019_0049_0030_0030.jpg 1 19 49 30 30
0620_0011_0018_0063_0063.jpg 1 11 18 63 63
0621_0022_0031_0050_0050.jpg 1 22 31 50 50
0622_0009_0009_0062_0062.jpg 1 9 9 62 62
0623_0019_0010_0061_0061.jpg 1 19 10 61 61
0624_0006_0031_0050_0050.jpg 1 6 31 50 50
0625_0035_0049_0033_0033.jpg 1 35 49 33 33
0626_0005_0028_0057_0057.jpg 1 5 28 57 57
0627_0020_0025_0061_0061.jpg 1 20 25 61 61
0628_0050_0030_0032_0032.jpg 1 50 30 32 32
0629_0025_0016_0057_0057.jpg 1 25 16 57 57
0630_0031_0009_0040_0040.jpg 1 31 9 40 40
0631_0006_0041_0041_0041.jpg 1 6 41 41 41
0632_0026_0033_0053_0053.jpg 1 26 33 53 53
0633_0032_0052_0027_0027.jpg 1 32 52 27 27
0634_0028_0018_0067_0067.jpg 1 28 18 67 67
0635_0017_0039_0050_0050.jpg 1 17 39 50 50
0636_0007_0044_0043_0043.jpg 1 7 44 43 43
0637_0020_0025_0063_0063.jpg 1 20 25 63 63
0638_0025_0020_0032_0032.jpg 1 25 20 32 32
0639_0061_0022_0025_0025.jpg 1 61 22 25 25
0640_0038_0019_0038_0038.jpg 1 38 19 38 38
0641_0052_0018_0037_0037.jpg 1 52 18 37 37
0642_0023_0022_0068_0068.jpg 1 23 22 68 68
0643_0019_0023_0069_0069.jpg 1 19 23 69 69
0644_0017_0034_0042_0042.jpg 1 17 34 42 42
0645_0027_0011_0069_0069.jpg 1 27 11 69 69
0646_0049_0024_0044_0044.jpg 1 49 24 44 44
0647_0010_0003_0069_0069.jpg 1 10 3 69 69
0648_0013_0020_0062_0062.jpg 1 13 20 62 62
0649_0010_0005_0068_0068.jpg 1 10 5 68 68
0650_0013_0034_0060_0060.jpg 1 13 34 60 60
0651_0025_0022_0065_0065.jpg 1 25 22 65 65
0652_0018_0023_0058_0058.jpg 1 18 23 58 58
0653_0039_0020_0042_0042.jpg 1 39 20 42 42
0654_0032_0029_0028_0028.jpg 1 32 29 28 28
0655_0023_0036_0056_0056.jpg 1 23 36 56 56
0656_0030_0060_0031_0031.jpg 1 30 60 31 31
0657_0005_0029_0050_0050.jpg 1 5 29 50 50
0658_0042_0055_0035_0035.jpg 1 42 55 35 35
0659_0007_0006_0044_0044.jpg 1 7 6 44 44
0660_0008_0023_0061_0061.jpg 1 8 23 61 61
0661_0036_0012_0055_0055.jpg 1 36 12 55 55
0662_0015_0031_0061_0061.jpg 1 15 31 61 61
0663_0003_0011_0068_0068.jpg 1 3 11 68 68
0664_0030_0063_0027_0027.jpg 1 30 63 27 27
0665_0025_0028_0060_0060.jpg 1 25 28 60 60
0666_0004_0017_0065_0065.jpg 1 4 17 65 65
0667_0066_0009_0024_0024.jpg 1 66 9 24 24
0668_0026_0028_0059_0059.jpg 1 26 28 59 59
0669_0027_0014_0054_0054.jpg 1 27 14 54 54
0670_0011_0054_0027_0027.jpg 1 11 54 27 27
0671_0015_0009_0062_0062.jpg 1 15 9 62 62
0672_0026_0007_0028_0028.jpg 1 26 7 28 28
0673_0009_0041_0052_0052.jpg 1 9 41 52 52
0674_0058_0035_0030_0030.jpg 1 58 35 30 30
0675_0019_0026_0037_0037.jpg 1 19 26 37 37
0676_0046_0042_0048_0048.jpg 1 46 42 48 48
0677_0017_0011_0045_0045.jpg 1 17 11 45 45
0678_0036_0059_0030_0030.jpg 1 36 59 30 30
0679_0020_0041_0051_0051.jpg 1 20 41 51 51
0680_0042_0026_0052_0052.jpg 1 42 26 52 52
0681_0016_0012_0039_0039.jpg 1 16 12 39 39
0682_0044_0053_0029_0029.jpg 1 44 53 29 29
0683_0047_0024_0035_0035.jpg 1 47 24 35 35
0684_0022_0005_0063_0063.jpg 1 22 5 63 63
0685_0021_0007_0049_0049.jpg 1 21 7 49 49
0686_0028_0019_0026_0026.jpg 1 28 19 26 26
0687_0030_0018_0065_0065.jpg 1 30 18 65 65
0688_0030_0010_0056_0056.jpg 1 30 10 56 56
0689_0008_0039_0046_0046.jpg 1 8 39 46 46
0690_0010_0015_0058_0058.jpg 1 10 15 58 58
0691_0034_0039_0031_0031.jpg 1 34 39 31 31
0692_0051_0021_0035_0035.jpg 1 51 21 35 35
0693_0030_0036_0049_0049.jpg 1 30 36 49 49
0694_0035_0023_0053_0053.jpg 1 35 23 53 53
0695_0012_0026_0051_0051.jpg 1 12 26 51 51
0696_0043_0024_0035_0035.jpg 1 43 24 35 35
0697_0028_0029_0066_0066.jpg 1 28 29 66 66
0698_0008_0036_0059_0059.jpg 1 8 36 59 59
0699_0029_0022_0048_0048.jpg 1 29 22 48 48
0700_0017_0019_0068_0068.jpg 1 17 19 68 68
0701_0038_0029_0047_0047.jpg 1 38 29 47 47
0702_0041_0038_0048_0048.jpg 1 41 38 48 48
0703_0011_0031_0065_0065.jpg 1 11 31 65 65
0704_0018_0020_0068_0068.jpg 1 18 20 68 68
0705_0010_0009_0059_0059.jpg 1 10 9 59 59
0706_0032_0031_0054_0054.jpg 1 32 31 54 54
0707_0026_0043_0032_0032.jpg 1 26 43 32 32
0708_0024_0018_0027_0027.jpg 1 24 18 27 27
0709_0036_0015_0053_0053.jpg 1 36 15 53 53
0710_0012_0010_0027_0027.jpg 1 12 10 27 27
0711_0041_0028_0035_0035.jpg 1 41 28 35 35
0712_0046_0048_0036_0036.jpg 1 46 48 36 36
0713_0025_0030_0041_0041.jpg 1 25 30 41 41
0714_0038_0023_0056_0056.jpg 1 38 23 56 56
0715_0022_0041_0033_0033.jpg 1 22 41 33 33
0716_0016_0010_0044_0044.jpg 1 16 10 44 44
0717_0047_0016_0045_0045.jpg 1 47 16 45 45
0718_0038_0018_0044_0044.jpg 1 38 18 44 44
0719_0047_0053_0040_0040.jpg 1 47 53 40 40
0720_0018_0021_0043_0043.jpg 1 18 21 43 43
0721_0018_0033_0045_0045.jpg 1 18 33 45 45
0722_0011_0016_0068_0068.jpg 1 11 16 68 68
0723_0027_0009_0069_0069.jpg 1 27 9 69 69
0724_0014_0022_0056_0056.jpg 1 14 22 56 56
0725_0015_0014_0063_0063.jpg 1 15 14 63 63
0726_0031_0025_0052_0052.jpg 1 31 25 52 52
0727_0036_0022_0035_0035.jpg 1 36 22 35 35
0728_0042_0049_0044_0044.jpg 1 42 49 44 44
0729_0021_0019_0069_0069.jpg 1 21 19 69 69
0730_0011_0038_0036_0036.jpg 1 11 38 36 36
0731_0021_0056_0030_0030.jpg 1 21 56 30 30
0732_0056_0038_0035_0035.jpg 1 56 38 35 35
0733_0021_0004_0064_0064.jpg 1 21 4 64 64
0734_0040_0016_0048_0048.jpg 1 40 16 48 48
0735_0023_0015_0055_0055.jpg 1 23 15 55 55
0736_0018_0024_0057_0057.jpg 1 18 24 57 57
0737_0012_0007_0056_0056.jpg 1 12 7 56 56
0738_0007_0038_0030_0030.jpg 1 7 38 30 30
0739_0035_0066_0024_0024.jpg 1 35 66 24 24
0740_0033_0048_0043_0043.jpg 1 33 48 43 43
0741_0015_0021_0034_0034.jpg 1 15 21 34 34
0742_0022_0016_0045_0045.jpg 1 22 16 45 45
0743_0027_0032_0032_0032.jpg 1 27 32 32 32
0744_0031_0024_0024_0024.jpg 1 31 24 24 24
0745_0034_0032_0043_0043.jpg 1 34 32 43 43
0746_0053_0054_0024_0024.jpg 1 53 54 24 24
0747_0028_0035_0040_0040.jpg 1 28 35 40 40
0748_0038_0011_0047_0047.jpg 1 38 11 47 47
0749_0010_0009_0068_0068.jpg 1 10 9 68 68
0750_0016_0033_0041_0041.jpg 1 16 33 41 41
0751_0011_0024_0035_0035.jpg 1 11 24 35 35
0752_0037_0045_0039_0039.jpg 1 37 45 39 39
0753_0034_0018_0034_0034.jpg 1 34 18 34 34
0754_0004_0019_0065_0065.jpg 1 4 19 65 65
0755_0041_0011_0049_0049.jpg 1 41 11 49 49
0756_0018_0026_0057_0057.jpg 1 18 26 57 57
0757_0016_0032_0059_0059.jpg 1 16 32 59 59
0758_0021_0019_0060_0060.jpg 1 21 19 60 60
0759_0029_0028_0034_0034.jpg 1 29 28 34 34
0760_0008_0040_0025_0025.jpg 1 8 40 25 25
0761_0014_0041_0051_0051.jpg 1 14 41 51 51
0762_0006_0012_0054_0054.jpg 1 6 12 54 54
0763_0009_0021_0069_0069.jpg 1 9 21 69 69
0764_0049_0020_0032_0032.jpg 1 49 20 32 32
0765_0039_0015_0055_0055.jpg 1 39 15 55 55
0766_0020_0008_0063_0063.jpg 1 20 8 63 63
0767_0031_0025_0051_0051.jpg 1 31 25 51 51
0768_0026_0052_0025_0025.jpg 1 26 52 25 25
0769_0036_0010_0032_0032.jpg 1 36 10 32 32
0770_0032_0026_0062_0062.jpg 1 32 26 62 62
0771_0040_0059_0034_0034.jpg 1 40 59 34 34
0772_0014_0027_0056_0056.jpg 1 14 27 56 56
0773_0006_0005_0068_0068.jpg 1 6 5 68 68
0774_0028_0033_0045_0045.jpg 1 28 33 45 45
0775_0020_0026_0068_0068.jpg 1 20 26 68 68
0776_0012_0017_0069_0069.jpg 1 12 17 69 69
0777_0028_0014_0061_0061.jpg 1 28 14 61 61
0778_0006_0014_0049_0049.jpg 1 6 14 49 49
0779_0045_0057_0025_0025.jpg 1 45 57 25 25
0780_0012_0021_0058_0058.jpg 1 12 21 58 58
0781_0015_0008_0068_0068.jpg 1 15 8 68 68
0782_0043_0059_0028_0028.jpg 1 43 59 28 28
0783_0046_0025_0032_0032.jpg 1 46 25 32 32
0784_0015_0013_0033_0033.jpg 1 15 13 33 33
0785_0044_0050_0042_0042.jpg 1 44 50 42 42
0786_0025_0025_0054_0054.jpg 1 25 25 54 54
0787_0024_0041_0033_0033.jpg 1 24 41 33 33
0788_0010_0019_0043_0043.jpg 1 10 19 43 43
0789_0013_0007_0035_0035.jpg 1 13 7 35 35
0790_0009_0028_0064_0064.jpg 1 9 28 64 64
0791_0050_0051_0032_0032.jpg 1 50 51 32 32
0792_0025_0018_0052_0052.jpg 1 25 18 52 52
0793_0011_0033_0029_0029.jpg 1 11 33 29 29
0794_0035_0026_0054_0054.jpg 1 35 26 54 54
0795_0016_0011_0062_0062.jpg 1 16 11 62 62
0796_0017_0026_0047_0047.jpg 1 17 26 47 47
0797_0037_0016_0047_0047.jpg 1 37 16 47 47
0798_0025_0013_0054_0054.jpg 1 25 13 54 54
0799_0023_0059_0026_0026.jpg 1 23 59 26 26
0800_0018_0008_0060_0060.jpg 1 18 8 60 60
0801_0030_0049_0033_0033.jpg 1 30 49 33 33
0802_0012_0007_0053_0053.jpg 1 12 7 53 53
0803_0011_0053_0028_0028.jpg 1 11 53 28 28
0804_0018_0024_0043_0043.jpg 1 18 24 43 43
0805_0025_0009_0051_0051.jpg 1 25 9 51 51
0806_0006_0025_0064_0064.jpg 1 6 25 64 64
0807_0012_0030_0028_0028.jpg 1 12 30 28 28
0808_0064_0026_0024_0024.jpg 1 64 26 24 24
0809_0029_0028_0028_0028.jpg 1 29 28 28 28
0810_0006_0033_0044_0044.jpg 1 6 33 44 44
0811_0006_0051_0039_0039.jpg 1 6 51 39 39
0812_0035_0021_0035_0035.jpg 1 35 21 35 35
0813_0014_0011_0047_0047.jpg 1 14 11 47 47
0814_0009_0005_0054_0054.jpg 1 9 5 54 54
0815_0031_0029_0056_0056.jpg 1 31 29 56 56
0816_0060_0035_0032_0032.jpg 1 60 35 32 32
0817_0048_0049_0041_0041.jpg 1 48 49 41 41
0818_0036_0040_0045_0045.jpg 1 36 40 45 45
0819_0035_0044_0025_0025.jpg 1 35 44 25 25
0820_0028_0014_0057_0057.jpg 1 28 14 57 57
0821_0006_0022_0043_0043.jpg 1 6 22 43 43
0822_0007_0021_0060_0060.jpg 1 7 21 60 60
0823_0017_0025_0046_0046.jpg 1 17 25 46 46
0824_0022_0015_0064_0064.jpg 1 22 15 64 64
0825_0020_0025_0061_0061.jpg 1 20 25 61 61
0826_0022_0004_0064_0064.jpg 1 22 4 64 64
0827_0010_0012_0064_0064.jpg 1 10 12 64 64
0828_0017_0031_0035_0035.jpg 1 17 31 35 35
0829_0032_0009_0054_0054.jpg 1 32 9 54 54
0830_0020_0028_0056_0056.jpg 1 20 28 56 56
0831_0017_0054_0030_0030.jpg 1 17 54 30 30
0832_0055_0028_0038_0038.jpg 1 55 28 38 38
0833_0020_0017_0037_0037.jpg 1 20 17 37 37
0834_0022_0041_0041_0041.jpg 1 22 41 41 41
0835_0027_0034_0053_0053.jpg 1 27 34 53 53
0836_0024_0027_0064_0064.jpg 1 24 27 64 64
0837_0031_0013_0055_0055.jpg 1 31 13 55 55
0838_0035_0040_0046_0046.jpg 1 35 40 46 46
0839_0027_0017_0051_0051.jpg 1 27 17 51 51
0840_0012_0010_0041_0041.jpg 1 12 10 41 41
0841_0027_0020_0062_0062.jpg 1 27 20 62 62
0842_0019_0012_0044_0044.jpg 1 19 12 44 44
0843_0028_0022_0039_0039.jpg 1 28 22 39 39
0844_0050_0014_0037_0037.jpg 1 50 14 37 37
0845_0053_0058_0030_0030.jpg 1 53 58 30 30
0846_0012_0006_0064_0064.jpg 1 12 6 64 64
0847_0004_0029_0063_0063.jpg 1 4 29 63 63
0848_0014_0030_0050_0050.jpg 1 14 30 50 50
0849_0008_0006_0056_0056.jpg 1 8 6 56 56
0850_0008_0032_0028_0028.jpg 1 8 32 28 28
0851_0015_0037_0027_0027.jpg 1 15 37 27 27
0852_0011_0011_0065_0065.jpg 1 11 11 65 65
0853_0016_0028_0061_0061.jpg 1 16 28 61 61
0854_0047_0042_0038_0038.jpg 1 47 42 38 38
0855_0045_0049_0032_0032.jpg 1 45 49 32 32
0856_0033_0026_0030_0030.jpg 1 33 26 30 30
0857_0055_0035_0035_0035.jpg 1 55 35 35 35
0858_0010_0047_0028_0028.jpg 1 10 47 28 28
0859_0038_0030_0029_0029.jpg 1 38 30 29 29
0860_0028_0036_0056_0056.jpg 1 28 36 56 56
0861_0017_0033_0054_0054.jpg 1 17 33 54 54
0862_0030_0025_0061_0061.jpg 1 30 25 61 61
0863_0011_0027_0064_0064.jpg 1 11 27 64 64
0864_0003_0012_0065_0065.jpg 1 3 12 65 65
0865_0013_0009_0069_0069.jpg 1 13 9 69 69
0866_0004_0031_0062_0062.jpg 1 4 31 62 62
0867_0006_0015_0066_0066.jpg 1 6 15 66 66
0868_0041_0033_0040_0040.jpg 1 41 33 40 40
0869_0008_0017_0059_0059.jpg 1 8 17 59 59
0870_0062_0061_0028_0028.jpg 1 62 61 28 28
0871_0044_0010_0047_0047.jpg 1 44 10 47 47
0872_0011_0035_0040_0040.jpg 1 11 35 40 40
0873_0016_0037_0051_0051.jpg 1 16 37 51 51
0874_0030_0053_0039_0039.jpg 1 30 53 39 39
0875_0056_0034_0028_0028.jpg 1 56 34 28 28
0876_0020_0049_0033_0033.jpg 1 20 49 33 33
0877_0038_0027_0042_0042.jpg 1 38 27 42 42
0878_0037_0018_0049_0049.jpg 1 37 18 49 49
0879_0018_0013_0056_0056.jpg 1 18 13 56 56
0880_0006_0010_0055_0055.jpg 1 6 10 55 55
0881_0024_0010_0066_0066.jpg 1 24 10 66 66
0882_0013_0039_0039_0039.jpg 1 13 39 39 39
0883_0015_0041_0040_0040.jpg 1 15 41 40 40
0884_0057_0056_0036_0036.jpg 1 57 56 36 36
0885_0018_0007_0069_0069.jpg 1 18 7 69 69
0886_0007_0038_0034_0034.jpg 1 7 38 34 34
0887_0053_0013_0038_0038.jpg 1 53 13 38 38
0888_0008_0035_0055_0055.jpg 1 8 35 55 55
0889_0020_0028_0067_0067.jpg 1 20 28 67 67
0890_0045_0048_0030_0030.jpg 1 45 48 30 30
0891_0013_0040_0052_0052.jpg 1 13 40 52 52
0892_0050_0030_0030_0030.jpg 1 50 30 30 30
0893_0057_0019_0027_0027.jpg 1 57 19 27 27
0894_0015_0018_0058_0058.jpg 1 15 18 58 58
0895_0025_0016_0039_0039.jpg 1 25 16 39 39
0896_0022_0016_0062_0062.jpg 1 22 16 62 62
0897_0011_0029_0062_0062.jpg 1 11 29 62 62
0898_0029_0028_0060_0060.jpg 1 29 28 60 60
0899_0014_0006_0069_0069.jpg 1 14 6 69 69
0900_0030_0025_0031_0031.jpg 1 30 25 31 31
0901_0006_0031_0042_0042.jpg 1 6 31 42 42
0902_0024_0019_0047_0047.jpg 1 24 19 47 47
0903_0004_0008_0065_0065.jpg 1 4 8 65 65
0904_0055_0034_0036_0036.jpg 1 55 34 36 36
0905_0012_0006_0065_0065.jpg 1 12 6 65 65
0906_0008_0010_0068_0068.jpg 1 8 10 68 68
0907_0005_0033_0052_0052.jpg 1 5 33 52 52
0908_0049_0050_0036_0036.jpg 1 49 50 36 36
0909_0009_0024_0063_0063.jpg 1 9 24 63 63
0910_0012_0041_0046_0046.jpg 1 12 41 46 46
0911_0043_0019_0037_0037.jpg 1 43 19 37 37
0912_0020_0030_0059_0059.jpg 1 20 30 59 59
0913_0017_0022_0050_0050.jpg 1 17 22 50 50
0914_0021_0021_0068_0068.jpg 1 21 21 68 68
0915_0017_0022_0067_0067.jpg 1 17 22 67 67
0916_0061_0007_0028_0028.jpg 1 61 7 28 28
0917_0006_0028_0045_0045.jpg 1 6 28 45 45
0918_0018_0021_0039_0039.jpg 1 18 21 39 39
0919_0025_0004_0068_0068.jpg 1 25 4 68 68
0920_0025_0024_0060_0060.jpg 1 25 24 60 60
0921_0009_0042_0046_0046.jpg 1 9 42 46 46
0922_0008_0015_0060_0060.jpg 1 8 15 60 60
0923_0011_0020_0044_0044.jpg 1 11 20 44 44
0924_0021_0023_0065_0065.jpg 1 21 23 65 65
0925_0035_0017_0044_0044.jpg 1 35 17 44 44
0926_0031_0007_0040_0040.jpg 1 31 7 40 40
0927_0021_0024_0049_0049.jpg 1 21 24 49 49
0928_0049_0027_0042_0042.jpg 1 49 27 42 42
0929_0009_0045_0043_0043.jpg 1 9 45 43 43
0930_0024_0035_0027_0027.jpg 1 24 35 27 27
0931_0018_0011_0063_0063.jpg 1 18 11 63 63
0932_0040_0036_0051_0051.jpg 1 40 36 51 51
0933_0052_0040_0029_0029.jpg 1 52 40 29 29
0934_0040_0012_0048_0048.jpg 1 40 12 48 48
0935_0027_0035_0060_0060.jpg 1 27 35 60 60
0936_0042_0032_0042_0042.jpg 1 42 32 42 42
0937_0017_0023_0037_0037.jpg 1 17 23 37 37
0938_0009_0020_0028_0028.jpg 1 9 20 28 28
0939_0024_0018_0069_0069.jpg 1 24 18 69 69
0940_0027_0005_0060_0060.jpg 1 27 5 60 60
0941_0046_0042_0025_0025.jpg 1 46 42 25 25
0942_0009_0042_0045_0045.jpg 1 9 42 45 45
0943_0037_0018_0053_0053.jpg 1 37 18 53 53
0944_0046_0015_0031_0031.jpg 1 46 15 31 31
0945_0009_0035_0033_0033.jpg 1 9 35 33 33
0946_0013_0023_0062_0062.jpg 1 13 23 62 62
0947_0032_0030_0063_0063.jpg 1 32 30 63 63
0948_0011_0006_0056_0056.jpg 1 11 6 56 56
0949_0035_0026_0061_0061.jpg 1 35 26 61 61
0950_0013_0007_0044_0044.jpg 1 13 7 44 44
0951_0026_0053_0030_0030.jpg 1 26 53 30 30
0952_0013_0014_0059_0059.jpg 1 13 14 59 59
0953_0032_0013_0041_0041.jpg 1 32 13 41 41
0954_0004_0023_0063_0063.jpg 1 4 23 63 63
0955_0008_0005_0052_0052.jpg 1 8 5 52 52
0956_0024_0029_0035_0035.jpg 1 24 29 35 35
0957_0011_0050_0038_0038.jpg 1 11 50 38 38
0958_0007_0038_0042_0042.jpg 1 7 38 42 42
0959_0011_0045_0049_0049.jpg 1 11 45 49 49
0960_0005_0005_0067_0067.jpg 1 5 5 67 67
0961_0021_0021_0035_0035.jpg 1 21 21 35 35
0962_0010_0014_0045_0045.jpg 1 10 14 45 45
0963_0007_0016_0051_0051.jpg 1 7 16 51 51
0964_0009_0019_0068_0068.jpg 1 9 19 68 68
0965_0040_0023_0046_0046.jpg 1 40 23 46 46
0966_0022_0019_0066_0066.jpg 1 22 19 66 66
0967_0053_0051_0036_0036.jpg 1 53 51 36 36
0968_0048_0028_0026_0026.jpg 1 48 28 26 26
0969_0023_0027_0039_0039.jpg 1 23 27 39 39
0970_0030_0045_0049_0049.jpg 1 30 45 49 49
0971_0017_0031_0035_0035.jpg 1 17 31 35 35
0972_0011_0065_0026_0026.jpg 1 11 65 26 26
0973_0025_0048_0045_0045.jpg 1 25 48 45 45
0974_0012_0031_0036_0036.jpg 1 12 31 36 36
0975_0026_0033_0061_0061.jpg 1 26 33 61 61
0976_0050_0059_0031_0031.jpg 1 50 59 31 31
0977_0022_0029_0040_0040.jpg 1 22 29 40 40
0978_0024_0029_0055_0055.jpg 1 24 29 55 55
0979_0028_0042_0032_0032.jpg 1 28 42 32 32
0980_0049_0044_0041_0041.jpg 1 49 44 41 41
0981_0040_0032_0050_0050.jpg 1 40 32 50 50
0982_0023_0053_0039_0039.jpg 1 23 53 39 39
0983_0009_0030_0065_0065.jpg 1 9 30 65 65
0984_0004_0020_0066_0066.jpg 1 4 20 66 66
0985_0029_0048_0033_0033.jpg 1 29 48 33 33
0986_0060_0058_0029_0029.jpg 1 60 58 29 29
0987_0008_0028_0033_0033.jpg 1 8 28 33 33
0988_0007_0017_0046_0046.jpg 1 7 17 46 46
0989_0037_0008_0034_0034.jpg 1 37 8 34 34
0990_0022_0026_0055_0055.jpg 1 22 26 55 55
0991_0030_0016_0042_0042.jpg 1 30 16 42 42
0992_0008_0037_0057_0057.jpg 1 8 37 57 57
0993_0010_0003_0064_0064.jpg 1 10 3 64 64
0994_0034_0008_0058_0058.jpg 1 34 8 58 58
0995_0009_0040_0035_0035.jpg 1 9 40 35 35
0996_0030_0024_0048_0048.jpg 1 30 24 48 48
0997_0033_0066_0025_0025.jpg 1 33 66 25 25
0998_0031_0039_0048_0048.jpg 1 31 39 48 48
0999_0026_0023_0039_0039.jpg 1 26 23 39 39
1000_0038_0028_0048_0048.jpg 1 38 28 48 48
1001_0007_0017_0049_0049.jpg 1 7 17 49 49
1002_0038_0049_0028_0028.jpg 1 38 49 28 28
1003_0047_0039_0043_0043.jpg 1 47 39 43 43
1004_0049_0024_0040_0040.jpg 1 49 24 40 40
1005_0035_0032_0058_0058.jpg 1 35 32 58 58
1006_0034_0037_0057_0057.jpg 1 34 37 57 57
1007_0006_0016_0063_0063.jpg 1 6 16 63 63
1008_0058_0058_0025_0025.jpg 1 58 58 25 25
1009_0027_0013_0051_0051.jpg 1 27 13 51 51
1010_0007_0006_0040_0040.jpg 1 7 6 40 40
1011_0020_0015_0067_0067.jpg 1 20 15 67 67
1012_0014_0047_0044_0044.jpg 1 14 47 44 44
1013_0010_0022_0037_0037.jpg 1 10 22 37 37
1014_0017_0011_0062_0062.jpg 1 17 11 62 62
1015_0022_0049_0038_0038.jpg 1 22 49 38 38
1016_0006_0011_0049_0049.jpg 1 6 11 49 49
1017_0007_0033_0046_0046.jpg 1 7 33 46 46
1018_0030_0015_0042_0042.jpg 1 30 15 42 42
1019_0045_0054_0035_0035.jpg 1 45 54 35 35
1020_0025_0028_0066_0066.jpg 1 25 28 66 66
1021_0018_0024_0057_0057.jpg 1 18 24 57 57
1022_0037_0063_0024_0024.jpg 1 37 63 24 24
1023_0028_0038_0031_0031.jpg 1 28 38 31 31
1024_0020_0054_0025_0025.jpg 1 20 54 25 25
1025_0013_0031_0063_0063.jpg 1 13 31 63 63
1026_0012_0018_0057_0057.jpg 1 12 18 57 57
1027_0012_0024_0064_0064.jpg 1 12 24 64 64
1028_0007_0006_0052_0052.jpg 1 7 6 52 52
1029_0006_0015_0038_0038.jpg 1 6 15 38 38
1030_0022_0063_0028_0028.jpg 1 22 63 28 28
1031_0014_0053_0027_0027.jpg 1 14 53 27 27
1032_0020_0056_0029_0029.jpg 1 20 56 29 29
1033_0034_0042_0048_0048.jpg 1 34 42 48 48
1034_0023_0031_0048_0048.jpg 1 23 31 48 48
1035_0039_0039_0050_0050.jpg 1 39 39 50 50
1036_0012_0025_0069_0069.jpg 1 12 25 69 69
1037_0027_0009_0041_0041.jpg 1 27 9 41 41
1038_0004_0020_0052_0052.jpg 1 4 20 52 52
1039_0030_0010_0062_0062.jpg 1 30 10 62 62
1040_0063_0035_0029_0029.jpg 1 63 35 29 29
1041_0008_0032_0045_0045.jpg 1 8 32 45 45
1042_0019_0035_0052_0052.jpg 1 19 35 52 52
1043_0038_0043_0033_0033.jpg 1 38 43 33 33
1044_0014_0012_0030_0030.jpg 1 14 12 30 30
1045_0043_0029_0047_0047.jpg 1 43 29 47 47
1046_0005_0007_0056_0056.jpg 1 5 7 56 56
1047_0031_0050_0041_0041.jpg 1 31 50 41 41
1048_0014_0021_0066_0066.jpg 1 14 21 66 66
1049_0030_0025_0059_0059.jpg 1 30 25 59 59
1050_0021_0038_0045_0045.jpg 1 21 38 45 45
1051_0008_0035_0060_0060.jpg 1 8 35 60 60
1052_0026_0003_0063_0063.jpg 1 26 3 63 63
1053_0052_0029_0041_0041.jpg 1 52 29 41 41
1054_0041_0051_0031_0031.jpg 1 41 51 31 31
1055_0020_0017_0063_0063.jpg 1 20 17 63 63
1056_0031_0018_0032_0032.jpg 1 31 18 32 32
1057_0032_0005_0058_0058.jpg 1 32 5 58 58
1058_0046_0018_0033_0033.jpg 1 46 18 33 33
1059_0033_0046_0047_0047.jpg 1 33 46 47 47
1060_0037_0045_0048_0048.jpg 1 37 45 48 48
1061_0030_0032_0063_0063.jpg 1 30 32 63 63
1062_0013_0017_0045_0045.jpg 1 13 17 45 45
1063_0041_0032_0047_0047.jpg 1 41 32 47 47
1064_0011_0060_0030_0030.jpg 1 11 60 30 30
1065_0024_0006_0060_0060.jpg 1 24 6 60 60
1066_0037_0036_0054_0054.jpg 1 37 36 54 54
1067_0034_0012_0058_0058.jpg 1 34 12 58 58
1068_0037_0018_0036_0036.jpg 1 37 18 36 36
1069_0013_0019_0067_0067.jpg 1 13 19 67 67
1070_0006_0005_0058_0058.jpg 1 6 5 58 58
1071_0034_0030_0058_0058.jpg 1 34 30 58 58
1072_0016_0026_0054_0054.jpg 1 16 26 54 54
1073_0014_0031_0047_0047.jpg 1 14 31 47 47
1074_0016_0017_0036_0036.jpg 1 16 17 36 36
1075_0005_0022_0069_0069.jpg 1 5 22 69 69
1076_0030_0034_0061_0061.jpg 1 30 34 61 61
1077_0026_0015_0060_0060.jpg 1 26 15 60 60
1078_0027_0024_0059_0059.jpg 1 27 24 59 59
1079_0047_0042_0032_0032.jpg 1 47 42 32 32
1080_0018_0041_0041_0041.jpg 1 18 41 41 41
1081_0006_0033_0053_0053.jpg 1 6 33 53 53
1082_0011_0047_0029_0029.jpg 1 11 47 29 29
1083_0004_0004_0063_0063.jpg 1 4 4 63 63
1084_0006_0014_0049_0049.jpg 1 6 14 49 49
1085_0026_0026_0057_0057.jpg 1 26 26 57 57
1086_0016_0014_0068_0068.jpg 1 16 14 68 68
1087_0043_0017_0048_0048.jpg 1 43 17 48 48
1088_0045_0044_0046_0046.jpg 1 45 44 46 46
1089_0018_0018_0027_0027.jpg 1 18 18 27 27
1090_0003_0021_0069_0069.jpg 1 3 21 69 69
1091_0007_0049_0033_0033.jpg 1 7 49 33 33
1092_0036_0043_0049_0049.jpg 1 36 43 49 49
1093_0031_0020_0035_0035.jpg 1 31 20 35 35
1094_0007_0043_0043_0043.jpg 1 7 43 43 43
1095_0021_0014_0056_0056.jpg 1 21 14 56 56
1096_0017_0018_0062_0062.jpg 1 17 18 62 62
1097_0011_0027_0064_0064.jpg 1 11 27 64 64
1098_0032_0036_0037_0037.jpg 1 32 36 37 37
1099_0025_0010_0069_0069.jpg 1 25 10 69 69
1100_0035_0006_0046_0046.jpg 1 35 6 46 46
1101_0006_0012_0068_0068.jpg 1 6 12 68 68
1102_0023_0031_0065_0065.jpg 1 23 31 65 65
1103_0006_0023_0056_0056.jpg 1 6 23 56 56
1104_0067_0057_0024_0024.jpg 1 67 57 24 24
1105_0024_0013_0035_0035.jpg 1 24 13 35 35
1106_0011_0030_0029_0029.jpg 1 11 30 29 29
1107_0007_0015_0039_0039.jpg 1 7 15 39 39
1108_0019_0012_0058_0058.jpg 1 19 12 58 58
1109_0037_0027_0054_0054.jpg 1 37 27 54 54
1110_0007_0005_0060_0060.jpg 1 7 5 60 60
1111_0030_0016_0059_0059.jpg 1 30 16 59 59
1112_0044_0013_0032_0032.jpg 1 44 13 32 32
1113_0009_0040_0051_0051.jpg 1 9 40 51 51
1114_0021_0021_0032_0032.jpg 1 21 21 32 32
1115_0018_0025_0048_0048.jpg 1 18 25 48 48
1116_0040_0017_0040_0040.jpg 1 40 17 40 40
1117_0042_0006_0038_0038.jpg 1 42 6 38 38
1118_0051_0008_0032_0032.jpg 1 51 8 32 32
1119_0024_0034_0035_0035.jpg 1 24 34 35 35
1120_0047_0036_0033_0033.jpg 1 47 36 33 33
1121_0040_0021_0041_0041.jpg 1 40 21 41 41
1122_0023_0008_0063_0063.jpg 1 23 8 63 63
1123_0021_0045_0024_0024.jpg 1 21 45 24 24
1124_0009_0019_0068_0068.jpg 1 9 19 68 68
1125_0005_0025_0070_0070.jpg 1 5 25 70 70
1126_0017_0033_0058_0058.jpg 1 17 33 58 58
1127_0036_0011_0055_0055.jpg 1 36 11 55 55
1128_0024_0010_0049_0049.jpg 1 24 10 49 49
1129_0049_0009_0039_0039.jpg 1 49 9 39 39
1130_0055_0007_0034_0034.jpg 1 55 7 34 34
1131_0039_0028_0040_0040.jpg 1 39 28 40 40
1132_0023_0029_0066_0066.jpg 1 23 29 66 66
1133_0026_0010_0069_0069.jpg 1 26 10 69 69
1134_0018_0016_0064_0064.jpg 1 18 16 64 64
1135_0011_0035_0056_0056.jpg 1 11 35 56 56
1136_0007_0042_0044_0044.jpg 1 7 42 44 44
1137_0050_0012_0036_0036.jpg 1 50 12 36 36
1138_0020_0018_0067_0067.jpg 1 20 18 67 67
1139_0016_0020_0039_0039.jpg 1 16 20 39 39
1140_0007_0035_0034_0034.jpg 1 7 35 34 34
1141_0032_0013_0055_0055.jpg 1 32 13 55 55
1142_0037_0024_0052_0052.jpg 1 37 24 52 52
1143_0035_0036_0032_0032.jpg 1 35 36 32 32
1144_0035_0022_0053_0053.jpg 1 35 22 53 53
1145_0027_0057_0033_0033.jpg 1 27 57 33 33
1146_0031_0032_0043_0043.jpg 1 31 32 43 43
1147_0028_0025_0063_0063.jpg 1 28 25 63 63
1148_0042_0036_0048_0048.jpg 1 42 36 48 48
1149_0027_0021_0055_0055.jpg 1 27 21 55 55
1150_0007_0031_0052_0052.jpg 1 7 31 52 52
1151_0046_0041_0026_0026.jpg 1 46 41 26 26
1152_0007_0035_0053_0053.jpg 1 7 35 53 53
1153_0047_0026_0035_0035.jpg 1 47 26 35 35
1154_0017_0029_0052_0052.jpg 1 17 29 52 52
1155_0006_0025_0068_0068.jpg 1 6 25 68 68
1156_0020_0050_0028_0028.jpg 1 20 50 28 28
1157_0008_0040_0055_0055.jpg 1 8 40 55 55
1158_0053_0035_0035_0035.jpg 1 53 35 35 35
1159_0044_0036_0047_0047.jpg 1 44 36 47 47
1160_0014_0027_0050_0050.jpg 1 14 27 50 50
1161_0035_0027_0057_0057.jpg 1 35 27 57 57
1162_0045_0020_0034_0034.jpg 1 45 20 34 34
1163_0007_0008_0064_0064.jpg 1 7 8 64 64
1164_0027_0022_0065_0065.jpg 1 27 22 65 65
1165_0015_0016_0050_0050.jpg 1 15 16 50 50
1166_0010_0031_0046_0046.jpg 1 10 31 46 46
1167_0009_0010_0061_0061.jpg 1 9 10 61 61
1168_0039_0020_0035_0035.jpg 1 39 20 35 35
1169_0011_0034_0029_0029.jpg 1 11 34 29 29
1170_0026_0040_0050_0050.jpg 1 26 40 50 50
1171_0040_0039_0024_0024.jpg 1 40 39 24 24
1172_0033_0028_0050_0050.jpg 1 33 28 50 50
1173_0040_0014_0042_0042.jpg 1 40 14 42 42
1174_0039_0019_0024_0024.jpg 1 39 19 24 24
1175_0042_0032_0044_0044.jpg 1 42 32 44 44
1176_0050_0032_0026_0026.jpg 1 50 32 26 26
1177_0021_0059_0024_0024.jpg 1 21 59 24 24
1178_0025_0035_0053_0053.jpg 1 25 35 53 53
1179_0017_0010_0062_0062.jpg 1 17 10 62 62
1180_0040_0024_0040_0040.jpg 1 40 24 40 40
1181_0041_0052_0040_0040.jpg 1 41 52 40 40
1182_0059_0042_0028_0028.jpg 1 59 42 28 28
1183_0021_0024_0069_0069.jpg 1 21 24 69 69
1184_0062_0028_0029_0029.jpg 1 62 28 29 29
1185_0048_0021_0032_0032.jpg 1 48 21 32 32
1186_0042_0026_0026_0026.jpg 1 42 26 26 26
1187_0041_0061_0028_0028.jpg 1 41 61 28 28
1188_0053_0055_0033_0033.jpg 1 53 55 33 33
1189_0031_0012_0061_0061.jpg 1 31 12 61 61
1190_0009_0006_0057_0057.jpg 1 9 6 57 57
1191_0029_0027_0034_0034.jpg 1 29 27 34 34
1192_0051_0031_0033_0033.jpg 1 51 31 33 33
1193_0030_0028_0051_0051.jpg 1 30 28 51 51
1194_0038_0037_0029_0029.jpg 1 38 37 29 29
1195_0010_0035_0052_0052.jpg 1 10 35 52 52
1196_0009_0036_0056_0056.jpg 1 9 36 56 56
1197_0029_0019_0035_0035.jpg 1 29 19 35 35
1198_0010_0030_0047_0047.jpg 1 10 30 47 47
1199_0057_0008_0027_0027.jpg 1 57 8 27 27
1200_0034_0034_0056_0056.jpg 1 34 34 56 56
1201_0025_0012_0037_0037.jpg 1 25 12 37 37
1202_0014_0020_0060_0060.jpg 1 14 20 60 60
1203_0046_0020_0041_0041.jpg 1 46 20 41 41
1204_0043_0009_0026_0026.jpg 1 43 9 26 26
1205_0013_0021_0040_0040.jpg 1 13 21 40 40
1206_0028_0013_0059_0059.jpg 1 28 13 59 59
1207_0024_0040_0052_0052.jpg 1 24 40 52 52
1208_0024_0027_0056_0056.jpg 1 24 27 56 56
1209_0044_0026_0049_0049.jpg 1 44 26 49 49
1210_0036_0011_0053_0053.jpg 1 36 11 53 53
1211_0006_0019_0050_0050.jpg 1 6 19 50 50
1212_0022_0052_0032_0032.jpg 1 22 52 32 32
1213_0012_0013_0067_0067.jpg 1 12 13 67 67
1214_0050_0052_0041_0041.jpg 1 50 52 41 41
1215_0034_0051_0028_0028.jpg 1 34 51 28 28
1216_0018_0028_0066_0066.jpg 1 18 28 66 66
1217_0036_0034_0059_0059.jpg 1 36 34 59 59
1218_0004_0013_0069_0069.jpg 1 4 13 69 69
1219_0026_0018_0046_0046.jpg 1 26 18 46 46
1220_0015_0034_0053_0053.jpg 1 15 34 53 53
1221_0022_0022_0068_0068.jpg 1 22 22 68 68
1222_0022_0016_0068_0068.jpg 1 22 16 68 68
1223_0011_0019_0064_0064.jpg 1 11 19 64 64
1224_0018_0021_0057_0057.jpg 1 18 21 57 57
1225_0027_0039_0045_0045.jpg 1 27 39 45 45
1226_0038_0004_0056_0056.jpg 1 38 4 56 56
1227_0024_0036_0052_0052.jpg 1 24 36 52 52
1228_0033_0015_0052_0052.jpg 1 33 15 52 52
1229_0037_0010_0051_0051.jpg 1 37 10 51 51
1230_0007_0024_0059_0059.jpg 1 7 24 59 59
1231_0008_0032_0049_0049.jpg 1 8 32 49 49
1232_0052_0020_0031_0031.jpg 1 52 20 31 31
1233_0011_0051_0042_0042.jpg 1 11 51 42 42
1234_0035_0034_0041_0041.jpg 1 35 34 41 41
1235_0006_0008_0049_0049.jpg 1 6 8 49 49
1236_0023_0016_0069_0069.jpg 1 23 16 69 69
1237_0028_0042_0028_0028.jpg 1 28 42 28 28
1238_0008_0037_0055_0055.jpg 1 8 37 55 55
1239_0019_0036_0059_0059.jpg 1 19 36 59 59
1240_0014_0027_0066_0066.jpg 1 14 27 66 66
1241_0006_0047_0042_0042.jpg 1 6 47 42 42
1242_0009_0048_0034_0034.jpg 1 9 48 34 34
1243_0032_0041_0028_0028.jpg 1 32 41 28 28
1244_0041_0047_0036_0036.jpg 1 41 47 36 36
1245_0025_0022_0066_0066.jpg 1 25 22 66 66
1246_0046_0054_0037_0037.jpg 1 46 54 37 37
1247_0036_0040_0043_0043.jpg 1 36 40 43 43
1248_0051_0009_0039_0039.jpg 1 51 9 39 39
1249_0039_0014_0048_0048.jpg 1 39 14 48 48
1250_0025_0010_0032_0032.jpg 1 25 10 32 32
1251_0041_0025_0032_0032.jpg 1 41 25 32 32
1252_0026_0008_0054_0054.jpg 1 26 8 54 54
1253_0009_0017_0055_0055.jpg 1 9 17 55 55
1254_0013_0008_0059_0059.jpg 1 13 8 59 59
1255_0019_0030_0048_0048.jpg 1 19 30 48 48
1256_0009_0019_0044_0044.jpg 1 9 19 44 44
1257_0025_0005_0066_0066.jpg 1 25 5 66 66
1258_0025_0032_0058_0058.jpg 1 25 32 58 58
1259_0007_0021_0065_0065.jpg 1 7 21 65 65
1260_0023_0015_0067_0067.jpg 1 23 15 67 67
1261_0050_0056_0029_0029.jpg 1 50 56 29 29
1262_0050_0058_0025_0025.jpg 1 50 58 25 25
1263_0044_0037_0035_0035.jpg 1 44 37 35 35
1264_0022_0006_0064_0064.jpg 1 22 6 64 64
1265_0020_0029_0067_0067.jpg 1 20 29 67 67
1266_0009_0027_0030_0030.jpg 1 9 27 30 30
1267_0044_0015_0047_0047.jpg 1 44 15 47 47
1268_0021_0034_0054_0054.jpg 1 21 34 54 54
1269_0047_0060_0031_0031.jpg 1 47 60 31 31
1270_0014_0017_0050_0050.jpg 1 14 17 50 50
1271_0019_0008_0066_0066.jpg 1 19 8 66 66
1272_0013_0022_0068_0068.jpg 1 13 22 68 68
1273_0046_0059_0028_0028.jpg 1 46 59 28 28
1274_0049_0053_0033_0033.jpg 1 49 53 33 33
1275_0028_0021_0043_0043.jpg 1 28 21 43 43
1276_0004_0028_0066_0066.jpg 1 4 28 66 66
1277_0019_0027_0064_0064.jpg 1 19 27 64 64
1278_0007_0032_0051_0051.jpg 1 7 32 51 51
1279_0020_0022_0025_0025.jpg 1 20 22 25 25
1280_0012_0024_0054_0054.jpg 1 12 24 54 54
1281_0047_0016_0024_0024.jpg 1 47 16 24 24
1282_0008_0026_0045_0045.jpg 1 8 26 45 45
1283_0057_0032_0033_0033.jpg 1 57 32 33 33
1284_0040_0025_0049_0049.jpg 1 40 25 49 49
1285_0019_0046_0047_0047.jpg 1 19 46 47 47
1286_0013_0005_0067_0067.jpg 1 13 5 67 67
1287_0030_0008_0033_0033.jpg 1 30 8 33 33
1288_0039_0028_0053_0053.jpg 1 39 28 53 53
1289_0045_0026_0046_0046.jpg 1 45 26 46 46
1290_0013_0018_0027_0027.jpg 1 13 18 27 27
1291_0040_0031_0049_0049.jpg 1 40 31 49 49
1292_0023_0018_0024_0024.jpg 1 23 18 24 24
1293_0035_0021_0042_0042.jpg 1 35 21 42 42
1294_0037_0032_0028_0028.jpg 1 37 32 28 28
1295_0039_0019_0035_0035.jpg 1 39 19 35 35
1296_0030_0012_0030_0030.jpg 1 30 12 30 30
1297_0020_0007_0047_0047.jpg 1 20 7 47 47
1298_0009_0030_0064_0064.jpg 1 9 30 64 64
1299_0023_0017_0040_0040.jpg 1 23 17 40 40
1300_0036_0028_0041_0041.jpg 1 36 28 41 41
1301_0041_0025_0029_0029.jpg 1 41 25 29 29
1302_0045_0039_0034_0034.jpg 1 45 39 34 34
1303_0044_0060_0030_0030.jpg 1 44 60 30 30
1304_0042_0058_0030_0030.jpg 1 42 58 30 30
1305_0025_0030_0031_0031.jpg 1 25 30 31 31
1306_0038_0033_0039_0039.jpg 1 38 33 39 39
1307_0008_0004_0053_0053.jpg 1 8 4 53 53
1308_0027_0043_0044_0044.jpg 1 27 43 44 44
1309_0048_0036_0041_0041.jpg 1 48 36 41 41
1310_0026_0030_0029_0029.jpg 1 26 30 29 29
1311_0028_0020_0067_0067.jpg 1 28 20 67 67
1312_0034_0058_0034_0034.jpg 1 34 58 34 34
1313_0031_0023_0058_0058.jpg 1 31 23 58 58
1314_0037_0035_0051_0051.jpg 1 37 35 51 51
1315_0015_0011_0051_0051.jpg 1 15 11 51 51
1316_0012_0027_0054_0054.jpg 1 12 27 54 54
1317_0020_0016_0069_0069.jpg 1 20 16 69 69
1318_0042_0033_0036_0036.jpg 1 42 33 36 36
1319_0015_0009_0068_0068.jpg 1 15 9 68 68
1320_0007_0007_0052_0052.jpg 1 7 7 52 52
1321_0012_0035_0056_0056.jpg 1 12 35 56 56
1322_0007_0016_0045_0045.jpg 1 7 16 45 45
1323_0026_0017_0051_0051.jpg 1 26 17 51 51
1324_0029_0009_0026_0026.jpg 1 29 9 26 26
1325_0023_0016_0068_0068.jpg 1 23 16 68 68
1326_0010_0022_0059_0059.jpg 1 10 22 59 59
1327_0032_0005_0051_0051.jpg 1 32 5 51 51
1328_0020_0052_0037_0037.jpg 1 20 52 37 37
1329_0027_0008_0051_0051.jpg 1 27 8 51 51
1330_0039_0030_0041_0041.jpg 1 39 30 41 41
1331_0021_0033_0028_0028.jpg 1 21 33 28 28
1332_0027_0016_0043_0043.jpg 1 27 16 43 43
1333_0020_0029_0047_0047.jpg 1 20 29 47 47
1334_0016_0051_0043_0043.jpg 1 16 51 43 43
1335_0033_0036_0044_0044.jpg 1 33 36 44 44
1336_0011_0006_0059_0059.jpg 1 11 6 59 59
1337_0027_0030_0031_0031.jpg 1 27 30 31 31
1338_0018_0007_0044_0044.jpg 1 18 7 44 44
1339_0007_0004_0059_0059.jpg 1 7 4 59 59
1340_0011_0023_0030_0030.jpg 1 11 23 30 30
1341_0008_0006_0066_0066.jpg 1 8 6 66 66
1342_0014_0013_0054_0054.jpg 1 14 13 54 54
1343_0048_0026_0034_0034.jpg 1 48 26 34 34
1344_0055_0010_0036_0036.jpg 1 55 10 36 36
1345_0038_0028_0039_0039.jpg 1 38 28 39 39
1346_0015_0013_0043_0043.jpg 1 15 13 43 43
1347_0024_0041_0044_0044.jpg 1 24 41 44 44
1348_0048_0016_0034_0034.jpg 1 48 16 34 34
1349_0029_0039_0054_0054.jpg 1 29 39 54 54
1350_0037_0031_0049_0049.jpg 1 37 31 49 49
1351_0012_0022_0062_0062.jpg 1 12 22 62 62
1352_0025_0016_0056_0056.jpg 1 25 16 56 56
1353_0010_0018_0030_0030.jpg 1 10 18 30 30
1354_0004_0010_0057_0057.jpg 1 4 10 57 57
1355_0011_0008_0027_0027.jpg 1 11 8 27 27
1356_0016_0038_0044_0044.jpg 1 16 38 44 44
1357_0033_0018_0041_0041.jpg 1 33 18 41 41
1358_0012_0015_0063_0063.jpg 1 12 15 63 63
1359_0042_0021_0039_0039.jpg 1 42 21 39 39
1360_0017_0013_0050_0050.jpg 1 17 13 50 50
1361_0025_0005_0060_0060.jpg 1 25 5 60 60
1362_0013_0017_0045_0045.jpg 1 13 17 45 45
1363_0017_0015_0060_0060.jpg 1 17 15 60 60
1364_0011_0051_0028_0028.jpg 1 11 51 28 28
1365_0013_0023_0063_0063.jpg 1 13 23 63 63
1366_0010_0018_0069_0069.jpg 1 10 18 69 69
1367_0010_0026_0065_0065.jpg 1 10 26 65 65
1368_0021_0057_0029_0029.jpg 1 21 57 29 29
1369_0008_0034_0054_0054.jpg 1 8 34 54 54
1370_0019_0030_0038_0038.jpg 1 19 30 38 38
1371_0013_0026_0064_0064.jpg 1 13 26 64 64
1372_0056_0054_0036_0036.jpg 1 56 54 36 36
1373_0055_0016_0027_0027.jpg 1 55 16 27 27
1374_0013_0012_0069_0069.jpg 1 13 12 69 69
1375_0017_0027_0066_0066.jpg 1 17 27 66 66
1376_0041_0035_0030_0030.jpg 1 41 35 30 30
1377_0036_0042_0036_0036.jpg 1 36 42 36 36
1378_0035_0033_0056_0056.jpg 1 35 33 56 56
1379_0014_0031_0058_0058.jpg 1 14 31 58 58
1380_0031_0037_0051_0051.jpg 1 31 37 51 51
1381_0037_0017_0027_0027.jpg 1 37 17 27 27
1382_0015_0028_0051_0051.jpg 1 15 28 51 51
1383_0024_0021_0065_0065.jpg 1 24 21 65 65
1384_0043_0013_0031_0031.jpg 1 43 13 31 31
1385_0045_0024_0038_0038.jpg 1 45 24 38 38
1386_0028_0011_0054_0054.jpg 1 28 11 54 54
1387_0024_0020_0026_0026.jpg 1 24 20 26 26
1388_0049_0050_0042_0042.jpg 1 49 50 42 42
1389_0027_0036_0031_0031.jpg 1 27 36 31 31
1390_0030_0013_0031_0031.jpg 1 30 13 31 31
1391_0032_0031_0047_0047.jpg 1 32 31 47 47
1392_0037_0038_0039_0039.jpg 1 37 38 39 39
1393_0042_0036_0052_0052.jpg 1 42 36 52 52
1394_0009_0013_0065_0065.jpg 1 9 13 65 65
1395_0037_0019_0046_0046.jpg 1 37 19 46 46
1396_0022_0028_0057_0057.jpg 1 22 28 57 57
1397_0034_0020_0058_0058.jpg 1 34 20 58 58
1398_0025_0028_0056_0056.jpg 1 25 28 56 56
1399_0024_0037_0050_0050.jpg 1 24 37 50 50
1400_0042_0006_0046_0046.jpg 1 42 6 46 46
1401_0057_0033_0031_0031.jpg 1 57 33 31 31
1402_0011_0006_0058_0058.jpg 1 11 6 58 58
1403_0020_0021_0069_0069.jpg 1 20 21 69 69
1404_0021_0029_0031_0031.jpg 1 21 29 31 31
1405_0012_0037_0041_0041.jpg 1 12 37 41 41
1406_0015_0029_0067_0067.jpg 1 15 29 67 67
1407_0010_0040_0027_0027.jpg 1 10 40 27 27
1408_0043_0060_0028_0028.jpg 1 43 60 28 28
1409_0058_0020_0029_0029.jpg 1 58 20 29 29
1410_0028_0053_0035_0035.jpg 1 28 53 35 35
1411_0035_0028_0051_0051.jpg 1 35 28 51 51
1412_0066_0022_0025_0025.jpg 1 66 22 25 25
1413_0024_0007_0060_0060.jpg 1 24 7 60 60
1414_0047_0037_0032_0032.jpg 1 47 37 32 32
1415_0045_0043_0031_0031.jpg 1 45 43 31 31
1416_0023_0008_0037_0037.jpg 1 23 8 37 37
1417_0028_0013_0060_0060.jpg 1 28 13 60 60
1418_0040_0030_0026_0026.jpg 1 40 30 26 26
1419_0006_0018_0049_0049.jpg 1 6 18 49 49
1420_0035_0024_0037_0037.jpg 1 35 24 37 37
1421_0018_0010_0065_0065.jpg 1 18 10 65 65
1422_0016_0045_0044_0044.jpg 1 16 45 44 44
1423_0021_0023_0030_0030.jpg 1 21 23 30 30
1424_0014_0033_0062_0062.jpg 1 14 33 62 62
1425_0038_0017_0053_0053.jpg 1 38 17 53 53
1426_0021_0046_0047_0047.jpg 1 21 46 47 47
1427_0009_0049_0034_0034.jpg 1 9 49 34 34
1428_0044_0036_0049_0049.jpg 1 44 36 49 49
1429_0020_0004_0055_0055.jpg 1 20 4 55 55
1430_0038_0022_0041_0041.jpg 1 38 22 41 41
1431_0011_0006_0045_0045.jpg 1 11 6 45 45
1432_0013_0015_0033_0033.jpg 1 13 15 33 33
1433_0015_0027_0035_0035.jpg 1 15 27 35 35
1434_0035_0044_0049_0049.jpg 1 35 44 49 49
1435_0010_0025_0031_0031.jpg 1 10 25 31 31
1436_0009_0030_0028_0028.jpg 1 9 30 28 28
1437_0028_0032_0042_0042.jpg 1 28 32 42 42
1438_0054_0018_0036_0036.jpg 1 54 18 36 36
1439_0012_0033_0057_0057.jpg 1 12 33 57 57
1440_0009_0005_0045_0045.jpg 1 9 5 45 45
1441_0006_0049_0044_0044.jpg 1 6 49 44 44
1442_0016_0020_0063_0063.jpg 1 16 20 63 63
1443_0049_0045_0024_0024.jpg 1 49 45 24 24
1444_0028_0007_0062_0062.jpg 1 28 7 62 62
1445_0025_0038_0040_0040.jpg 1 25 38 40 40
1446_0055_0047_0029_0029.jpg 1 55 47 29 29
1447_0004_0010_0056_0056.jpg 1 4 10 56 56
1448_0040_0043_0042_0042.jpg 1 40 43 42 42
1449_0028_0059_0029_0029.jpg 1 28 59 29 29
1450_0016_0004_0056_0056.jpg 1 16 4 56 56
1451_0010_0032_0054_0054.jpg 1 10 32 54 54
1452_0019_0035_0040_0040.jpg 1 19 35 40 40
1453_0031_0027_0028_0028.jpg 1 31 27 28 28
1454_0017_0042_0048_0048.jpg 1 17 42 48 48
1455_0028_0045_0038_0038.jpg 1 28 45 38 38
1456_0033_0041_0042_0042.jpg 1 33 41 42 42
1457_0042_0030_0041_0041.jpg 1 42 30 41 41
1458_0029_0023_0026_0026.jpg 1 29 23 26 26
1459_0022_0020_0027_0027.jpg 1 22 20 27 27
1460_0016_0019_0066_0066.jpg 1 16 19 66 66
1461_0020_0012_0035_0035.jpg 1 20 12 35 35
1462_0010_0029_0059_0059.jpg 1 10 29 59 59
1463_0006_0038_0054_0054.jpg 1 6 38 54 54
1464_0013_0045_0048_0048.jpg 1 13 45 48 48
1465_0014_0025_0045_0045.jpg 1 14 25 45 45
1466_0024_0018_0047_0047.jpg 1 24 18 47 47
1467_0015_0048_0044_0044.jpg 1 15 48 44 44
1468_0026_0033_0041_0041.jpg 1 26 33 41 41
1469_0013_0035_0054_0054.jpg 1 13 35 54 54
1470_0019_0012_0061_0061.jpg 1 19 12 61 61
1471_0027_0007_0067_0067.jpg 1 27 7 67 67
1472_0010_0023_0048_0048.jpg 1 10 23 48 48
1473_0012_0031_0059_0059.jpg 1 12 31 59 59
1474_0032_0007_0038_0038.jpg 1 32 7 38 38
1475_0059_0024_0026_0026.jpg 1 59 24 26 26
1476_0020_0009_0039_0039.jpg 1 20 9 39 39
1477_0014_0046_0038_0038.jpg 1 14 46 38 38
1478_0016_0018_0033_0033.jpg 1 16 18 33 33
1479_0026_0027_0049_0049.jpg 1 26 27 49 49
1480_0036_0006_0059_0059.jpg 1 36 6 59 59
1481_0032_0008_0063_0063.jpg 1 32 8 63 63
1482_0033_0013_0043_0043.jpg 1 33 13 43 43
1483_0033_0049_0041_0041.jpg 1 33 49 41 41
1484_0007_0014_0067_0067.jpg 1 7 14 67 67
1485_0025_0042_0038_0038.jpg 1 25 42 38 38
1486_0020_0022_0033_0033.jpg 1 20 22 33 33
1487_0011_0037_0027_0027.jpg 1 11 37 27 27
1488_0029_0043_0037_0037.jpg 1 29 43 37 37
1489_0049_0019_0043_0043.jpg 1 49 19 43 43
1490_0040_0025_0041_0041.jpg 1 40 25 41 41
1491_0017_0065_0027_0027.jpg 1 17 65 27 27
1492_0017_0057_0028_0028.jpg 1 17 57 28 28
1493_0023_0022_0068_0068.jpg 1 23 22 68 68
1494_0030_0009_0057_0057.jpg 1 30 9 57 57
1495_0014_0055_0032_0032.jpg 1 14 55 32 32
1496_0009_0007_0060_0060.jpg 1 9 7 60 60
1497_0026_0034_0039_0039.jpg 1 26 34 39 39
1498_0048_0021_0043_0043.jpg 1 48 21 43 43
1499_0006_0004_0064_0064.jpg 1 6 4 64 64
1500_0034_0038_0038_0038.jpg 1 34 38 38 38
1501_0030_0015_0057_0057.jpg 1 30 15 57 57
1502_0042_0022_0039_0039.jpg 1 42 22 39 39
1503_0035_0034_0058_0058.jpg 1 35 34 58 58
1504_0037_0039_0051_0051.jpg 1 37 39 51 51
1505_0041_0033_0053_0053.jpg 1 41 33 53 53
1506_0019_0024_0044_0044.jpg 1 19 24 44 44
1507_0012_0004_0058_0058.jpg 1 12 4 58 58
1508_0021_0031_0059_0059.jpg 1 21 31 59 59
1509_0021_0028_0033_0033.jpg 1 21 28 33 33
1510_0025_0019_0034_0034.jpg 1 25 19 34 34
1511_0008_0011_0059_0059.jpg 1 8 11 59 59
1512_0011_0022_0057_0057.jpg 1 11 22 57 57
1513_0041_0043_0047_0047.jpg 1 41 43 47 47
1514_0027_0005_0069_0069.jpg 1 27 5 69 69
1515_0007_0012_0060_0060.jpg 1 7 12 60 60
1516_0021_0025_0038_0038.jpg 1 21 25 38 38
1517_0052_0025_0029_0029.jpg 1 52 25 29 29
1518_0041_0020_0036_0036.jpg 1 41 20 36 36
1519_0049_0046_0044_0044.jpg 1 49 46 44 44
1520_0004_0020_0062_0062.jpg 1 4 20 62 62
1521_0048_0036_0036_0036.jpg 1 48 36 36 36
1522_0011_0037_0035_0035.jpg 1 11 37 35 35
1523_0042_0034_0035_0035.jpg 1 42 34 35 35
1524_0015_0018_0042_0042.jpg 1 15 18 42 42
1525_0020_0043_0042_0042.jpg 1 20 43 42 42
1526_0064_0046_0024_0024.jpg 1 64 46 24 24
1527_0020_0029_0028_0028.jpg 1 20 29 28 28
1528_0013_0021_0035_0035.jpg 1 13 21 35 35
1529_0011_0038_0043_0043.jpg 1 11 38 43 43
1530_0056_0017_0027_0027.jpg 1 56 17 27 27
1531_0025_0046_0048_0048.jpg 1 25 46 48 48
1532_0034_0019_0033_0033.jpg 1 34 19 33 33
1533_0029_0062_0030_0030.jpg 1 29 62 30 30
1534_0015_0024_0053_0053.jpg 1 15 24 53 53
1535_0016_0036_0032_0032.jpg 1 16 36 32 32
1536_0011_0029_0067_0067.jpg 1 11 29 67 67
1537_0026_0029_0052_0052.jpg 1 26 29 52 52
1538_0032_0064_0024_0024.jpg 1 32 64 24 24
1539_0040_0018_0032_0032.jpg 1 40 18 32 32
1540_0030_0006_0047_0047.jpg 1 30 6 47 47
1541_0008_0022_0049_0049.jpg 1 8 22 49 49
1542_0027_0028_0068_0068.jpg 1 27 28 68 68
1543_0037_0036_0041_0041.jpg 1 37 36 41 41
1544_0024_0039_0048_0048.jpg 1 24 39 48 48
1545_0021_0009_0054_0054.jpg 1 21 9 54 54
1546_0010_0055_0032_0032.jpg 1 10 55 32 32
1547_0020_0008_0066_0066.jpg 1 20 8 66 66
1548_0031_0012_0059_0059.jpg 1 31 12 59 59
1549_0067_0010_0025_0025.jpg 1 67 10 25 25
1550_0014_0046_0048_0048.jpg 1 14 46 48 48
1551_0006_0021_0046_0046.jpg 1 6 21 46 46
1552_0028_0050_0038_0038.jpg 1 28 50 38 38
1553_0035_0018_0047_0047.jpg 1 35 18 47 47
1554_0008_0048_0045_0045.jpg 1 8 48 45 45
1555_0028_0014_0054_0054.jpg 1 28 14 54 54
1556_0042_0032_0029_0029.jpg 1 42 32 29 29
1557_0021_0020_0028_0028.jpg 1 21 20 28 28
1558_0022_0024_0044_0044.jpg 1 22 24 44 44
1559_0013_0042_0043_0043.jpg 1 13 42 43 43
1560_0017_0014_0034_0034.jpg 1 17 14 34 34
1561_0041_0044_0037_0037.jpg 1 41 44 37 37
1562_0044_0006_0037_0037.jpg 1 44 6 37 37
1563_0020_0017_0042_0042.jpg 1 20 17 42 42
1564_0026_0008_0038_0038.jpg 1 26 8 38 38
1565_0028_0039_0044_0044.jpg 1 28 39 44 44
1566_0034_0007_0048_0048.jpg 1 34 7 48 48
1567_0031_0028_0039_0039.jpg 1 31 28 39 39
1568_0023_0017_0064_0064.jpg 1 23 17 64 64
1569_0024_0029_0035_0035.jpg 1 24 29 35 35
1570_0017_0026_0061_0061.jpg 1 17 26 61 61
1571_0047_0022_0040_0040.jpg 1 47 22 40 40
1572_0025_0015_0060_0060.jpg 1 25 15 60 60
1573_0028_0022_0068_0068.jpg 1 28 22 68 68
1574_0037_0036_0036_0036.jpg 1 37 36 36 36
1575_0049_0014_0045_0045.jpg 1 49 14 45 45
1576_0043_0033_0047_0047.jpg 1 43 33 47 47
1577_0007_0024_0063_0063.jpg 1 7 24 63 63
1578_0017_0027_0062_0062.jpg 1 17 27 62 62
1579_0033_0007_0062_0062.jpg 1 33 7 62 62
1580_0038_0030_0052_0052.jpg 1 38 30 52 52
1581_0018_0036_0052_0052.jpg 1 18 36 52 52
1582_0019_0024_0059_0059.jpg 1 19 24 59 59
1583_0011_0024_0035_0035.jpg 1 11 24 35 35
1584_0056_0032_0025_0025.jpg 1 56 32 25 25
1585_0041_0018_0054_0054.jpg 1 41 18 54 54
1586_0012_0026_0061_0061.jpg 1 12 26 61 61
1587_0048_0035_0040_0040.jpg 1 48 35 40 40
1588_0029_0009_0048_0048.jpg 1 29 9 48 48
1589_0042_0043_0050_0050.jpg 1 42 43 50 50
1590_0025_0024_0060_0060.jpg 1 25 24 60 60
1591_0050_0037_0035_0035.jpg 1 50 37 35 35
1592_0038_0028_0025_0025.jpg 1 38 28 25 25
1593_0028_0033_0044_0044.jpg 1 28 33 44 44
1594_0012_0004_0062_0062.jpg 1 12 4 62 62
1595_0021_0013_0051_0051.jpg 1 21 13 51 51
1596_0012_0021_0068_0068.jpg 1 12 21 68 68
1597_0031_0034_0033_0033.jpg 1 31 34 33 33
1598_0024_0006_0061_0061.jpg 1 24 6 61 61
1599_0048_0011_0033_0033.jpg 1 48 11 33 33
1600_0007_0038_0056_0056.jpg 1 7 38 56 56
1601_0048_0009_0027_0027.jpg 1 48 9 27 27
1602_0039_0040_0055_0055.jpg 1 39 40 55 55
1603_0047_0044_0039_0039.jpg 1 47 44 39 39
1604_0024_0016_0066_0066.jpg 1 24 16 66 66
1605_0011_0012_0066_0066.jpg 1 11 12 66 66
1606_0030_0010_0064_0064.jpg 1 30 10 64 64
1607_0066_0026_0025_0025.jpg 1 66 26 25 25
1608_0019_0021_0067_0067.jpg 1 19 21 67 67
1609_0011_0028_0052_0052.jpg 1 11 28 52 52
1610_0030_0035_0058_0058.jpg 1 30 35 58 58
1611_0005_0025_0049_0049.jpg 1 5 25 49 49
1612_0035_0023_0030_0030.jpg 1 35 23 30 30
1613_0016_0032_0042_0042.jpg 1 16 32 42 42
1614_0004_0014_0059_0059.jpg 1 4 14 59 59
1615_0005_0012_0058_0058.jpg 1 5 12 58 58
1616_0018_0047_0037_0037.jpg 1 18 47 37 37
1617_0007_0044_0037_0037.jpg 1 7 44 37 37
1618_0024_0009_0029_0029.jpg 1 24 9 29 29
1619_0020_0006_0042_0042.jpg 1 20 6 42 42
1620_0007_0025_0068_0068.jpg 1 7 25 68 68
1621_0038_0045_0043_0043.jpg 1 38 45 43 43
1622_0015_0017_0064_0064.jpg 1 15 17 64 64
1623_0009_0011_0050_0050.jpg 1 9 11 50 50
1624_0007_0019_0066_0066.jpg 1 7 19 66 66
1625_0045_0017_0045_0045.jpg 1 45 17 45 45
1626_0007_0019_0048_0048.jpg 1 7 19 48 48
1627_0043_0026_0029_0029.jpg 1 43 26 29 29
1628_0026_0048_0044_0044.jpg 1 26 48 44 44
1629_0020_0009_0066_0066.jpg 1 20 9 66 66
1630_0043_0045_0036_0036.jpg 1 43 45 36 36
1631_0028_0028_0064_0064.jpg 1 28 28 64 64
1632_0024_0010_0056_0056.jpg 1 24 10 56 56
1633_0004_0019_0053_0053.jpg 1 4 19 53 53
1634_0035_0047_0041_0041.jpg 1 35 47 41 41
1635_0029_0059_0032_0032.jpg 1 29 59 32 32
1636_0012_0011_0034_0034.jpg 1 12 11 34 34
1637_0030_0011_0024_0024.jpg 1 30 11 24 24
1638_0024_0008_0053_0053.jpg 1 24 8 53 53
1639_0033_0030_0031_0031.jpg 1 33 30 31 31
1640_0046_0038_0030_0030.jpg 1 46 38 30 30
1641_0005_0035_0047_0047.jpg 1 5 35 47 47
1642_0027_0022_0055_0055.jpg 1 27 22 55 55
1643_0041_0046_0031_0031.jpg 1 41 46 31 31
1644_0036_0034_0053_0053.jpg 1 36 34 53 53
1645_0003_0008_0068_0068.jpg 1 3 8 68 68
1646_0028_0020_0041_0041.jpg 1 28 20 41 41
1647_0048_0035_0027_0027.jpg 1 48 35 27 27
1648_0044_0040_0041_0041.jpg 1 44 40 41 41
1649_0008_0011_0066_0066.jpg 1 8 11 66 66
1650_0049_0009_0031_0031.jpg 1 49 9 31 31
1651_0027_0030_0061_0061.jpg 1 27 30 61 61
1652_0021_0020_0056_0056.jpg 1 21 20 56 56
1653_0060_0057_0031_0031.jpg 1 60 57 31 31
1654_0016_0012_0046_0046.jpg 1 16 12 46 46
1655_0040_0045_0046_0046.jpg 1 40 45 46 46
1656_0019_0035_0034_0034.jpg 1 19 35 34 34
1657_0011_0020_0064_0064.jpg 1 11 20 64 64
1658_0043_0017_0031_0031.jpg 1 43 17 31 31
1659_0058_0009_0025_0025.jpg 1 58 9 25 25
1660_0056_0031_0026_0026.jpg 1 56 31 26 26
1661_0024_0050_0032_0032.jpg 1 24 50 32 32
1662_0022_0015_0056_0056.jpg 1 22 15 56 56
1663_0033_0013_0041_0041.jpg 1 33 13 41 41
1664_0021_0046_0032_0032.jpg 1 21 46 32 32
1665_0030_0022_0046_0046.jpg 1 30 22 46 46
1666_0005_0024_0056_0056.jpg 1 5 24 56 56
1667_0015_0012_0066_0066.jpg 1 15 12 66 66
1668_0021_0024_0068_0068.jpg 1 21 24 68 68
1669_0024_0032_0060_0060.jpg 1 24 32 60 60
1670_0006_0023_0038_0038.jpg 1 6 23 38 38
1671_0013_0031_0064_0064.jpg 1 13 31 64 64
1672_0019_0052_0041_0041.jpg 1 19 52 41 41
1673_0063_0063_0028_0028.jpg 1 63 63 28 28
1674_0034_0035_0045_0045.jpg 1 34 35 45 45
1675_0028_0012_0054_0054.jpg 1 28 12 54 54
1676_0006_0044_0044_0044.jpg 1 6 44 44 44
1677_0035_0025_0061_0061.jpg 1 35 25 61 61
1678_0030_0040_0039_0039.jpg 1 30 40 39 39
1679_0055_0031_0036_0036.jpg 1 55 31 36 36
1680_0032_0039_0050_0050.jpg 1 32 39 50 50
1681_0051_0062_0030_0030.jpg 1 51 62 30 30
1682_0013_0036_0058_0058.jpg 1 13 36 58 58
1683_0007_0026_0053_0053.jpg 1 7 26 53 53
1684_0047_0038_0026_0026.jpg 1 47 38 26 26
1685_0008_0006_0039_0039.jpg 1 8 6 39 39
1686_0040_0040_0044_0044.jpg 1 40 40 44 44
1687_0056_0026_0025_0025.jpg 1 56 26 25 25
1688_0052_0051_0035_0035.jpg 1 52 51 35 35
1689_0054_0032_0035_0035.jpg 1 54 32 35 35
1690_0034_0035_0048_0048.jpg 1 34 35 48 48
1691_0048_0039_0041_0041.jpg 1 48 39 41 41
1692_0040_0050_0028_0028.jpg 1 40 50 28 28
1693_0044_0011_0048_0048.jpg 1 44 11 48 48
1694_0021_0027_0065_0065.jpg 1 21 27 65 65
1695_0032_0019_0058_0058.jpg 1 32 19 58 58
1696_0019_0021_0044_0044.jpg 1 19 21 44 44
1697_0051_0059_0032_0032.jpg 1 51 59 32 32
1698_0040_0015_0046_0046.jpg 1 40 15 46 46
1699_0035_0016_0051_0051.jpg 1 35 16 51 51
1700_0037_0022_0045_0045.jpg 1 37 22 45 45
1701_0016_0028_0059_0059.jpg 1 16 28 59 59
1702_0038_0009_0056_0056.jpg 1 38 9 56 56
1703_0030_0023_0034_0034.jpg 1 30 23 34 34
1704_0015_0019_0068_0068.jpg 1 15 19 68 68
1705_0015_0011_0064_0064.jpg 1 15 11 64 64
1706_0015_0021_0064_0064.jpg 1 15 21 64 64
1707_0061_0031_0029_0029.jpg 1 61 31 29 29
1708_0008_0009_0060_0060.jpg 1 8 9 60 60
1709_0029_0042_0048_0048.jpg 1 29 42 48 48
1710_0033_0036_0046_0046.jpg 1 33 36 46 46
1711_0038_0038_0040_0040.jpg 1 38 38 40 40
1712_0056_0054_0033_0033.jpg 1 56 54 33 33
1713_0016_0037_0044_0044.jpg 1 16 37 44 44
1714_0020_0038_0054_0054.jpg 1 20 38 54 54
1715_0007_0019_0067_0067.jpg 1 7 19 67 67
1716_0047_0043_0037_0037.jpg 1 47 43 37 37
1717_0018_0008_0047_0047.jpg 1 18 8 47 47
1718_0030_0029_0046_0046.jpg 1 30 29 46 46
1719_0058_0046_0034_0034.jpg 1 58 46 34 34
1720_0015_0018_0035_0035.jpg 1 15 18 35 35
1721_0022_0061_0028_0028.jpg 1 22 61 28 28
1722_0042_0010_0044_0044.jpg 1 42 10 44 44
1723_0041_0048_0034_0034.jpg 1 41 48 34 34
1724_0028_0023_0063_0063.jpg 1 28 23 63 63
1725_0041_0013_0047_0047.jpg 1 41 13 47 47
1726_0030_0026_0055_0055.jpg 1 30 26 55 55
1727_0034_0017_0026_0026.jpg 1 34 17 26 26
1728_0029_0025_0060_0060.jpg 1 29 25 60 60
1729_0010_0010_0035_0035.jpg 1 10 10 35 35
1730_0028_0007_0046_0046.jpg 1 28 7 46 46
1731_0021_0019_0037_0037.jpg 1 21 19 37 37
1732_0023_0033_0025_0025.jpg 1 23 33 25 25
1733_0005_0027_0047_0047.jpg 1 5 27 47 47
1734_0006_0031_0052_0052.jpg 1 6 31 52 52
1735_0039_0054_0036_0036.jpg 1 39 54 36 36
1736_0029_0014_0033_0033.jpg 1 29 14 33 33
1737_0038_0031_0044_0044.jpg 1 38 31 44 44
1738_0023_0021_0056_0056.jpg 1 23 21 56 56
1739_0020_0034_0051_0051.jpg 1 20 34 51 51
1740_0024_0029_0025_0025.jpg 1 24 29 25 25
1741_0010_0033_0053_0053.jpg 1 10 33 53 53
1742_0026_0024_0051_0051.jpg 1 26 24 51 51
1743_0037_0028_0041_0041.jpg 1 37 28 41 41
1744_0031_0022_0050_0050.jpg 1 31 22 50 50
1745_0045_0024_0043_0043.jpg 1 45 24 43 43
1746_0035_0008_0056_0056.jpg 1 35 8 56 56
1747_0031_0017_0059_0059.jpg 1 31 17 59 59
1748_0004_0031_0057_0057.jpg 1 4 31 57 57
1749_0013_0009_0033_0033.jpg 1 13 9 33 33
1750_0019_0034_0045_0045.jpg 1 19 34 45 45
1751_0017_0044_0029_0029.jpg 1 17 44 29 29
1752_0014_0017_0049_0049.jpg 1 14 17 49 49
1753_0045_0058_0024_0024.jpg 1 45 58 24 24
1754_0027_0024_0054_0054.jpg 1 27 24 54 54
1755_0043_0033_0051_0051.jpg 1 43 33 51 51
1756_0030_0037_0052_0052.jpg 1 30 37 52 52
1757_0019_0037_0053_0053.jpg 1 19 37 53 53
1758_0015_0026_0061_0061.jpg 1 15 26 61 61
1759_0021_0039_0039_0039.jpg 1 21 39 39 39
1760_0041_0022_0046_0046.jpg 1 41 22 46 46
1761_0041_0037_0035_0035.jpg 1 41 37 35 35
1762_0040_0013_0047_0047.jpg 1 40 13 47 47
1763_0058_0048_0024_0024.jpg 1 58 48 24 24
1764_0015_0020_0066_0066.jpg 1 15 20 66 66
1765_0039_0011_0049_0049.jpg 1 39 11 49 49
1766_0028_0007_0063_0063.jpg 1 28 7 63 63
1767_0054_0020_0026_0026.jpg 1 54 20 26 26
1768_0013_0015_0042_0042.jpg 1 13 15 42 42
1769_0017_0044_0039_0039.jpg 1 17 44 39 39
1770_0024_0019_0060_0060.jpg 1 24 19 60 60
1771_0054_0042_0029_0029.jpg 1 54 42 29 29
1772_0032_0012_0043_0043.jpg 1 32 12 43 43
1773_0004_0012_0056_0056.jpg 1 4 12 56 56
1774_0041_0015_0045_0045.jpg 1 41 15 45 45
1775_0044_0020_0043_0043.jpg 1 44 20 43 43
1776_0003_0009_0067_0067.jpg 1 3 9 67 67
1777_0006_0044_0050_0050.jpg 1 6 44 50 50
1778_0011_0031_0054_0054.jpg 1 11 31 54 54
1779_0060_0024_0030_0030.jpg 1 60 24 30 30
1780_0019_0016_0053_0053.jpg 1 19 16 53 53
1781_0024_0023_0069_0069.jpg 1 24 23 69 69
1782_0036_0020_0031_0031.jpg 1 36 20 31 31
1783_0011_0018_0060_0060.jpg 1 11 18 60 60
1784_0014_0041_0044_0044.jpg 1 14 41 44 44
1785_0021_0009_0046_0046.jpg 1 21 9 46 46
1786_0047_0015_0025_0025.jpg 1 47 15 25 25
1787_0036_0042_0048_0048.jpg 1 36 42 48 48
1788_0011_0035_0057_0057.jpg 1 11 35 57 57
1789_0044_0008_0047_0047.jpg 1 44 8 47 47
1790_0016_0027_0029_0029.jpg 1 16 27 29 29
1791_0014_0021_0053_0053.jpg 1 14 21 53 53
1792_0018_0008_0063_0063.jpg 1 18 8 63 63
1793_0004_0019_0057_0057.jpg 1 4 19 57 57
1794_0019_0043_0041_0041.jpg 1 19 43 41 41
1795_0012_0033_0061_0061.jpg 1 12 33 61 61
1796_0020_0035_0044_0044.jpg 1 20 35 44 44
1797_0018_0029_0045_0045.jpg 1 18 29 45 45
1798_0055_0041_0033_0033.jpg 1 55 41 33 33
1799_0033_0028_0052_0052.jpg 1 33 28 52 52
1800_0030_0019_0061_0061.jpg 1 30 19 61 61
1801_0025_0055_0027_0027.jpg 1 25 55 27 27
1802_0012_0025_0064_0064.jpg 1 12 25 64 64
1803_0008_0020_0057_0057.jpg 1 8 20 57 57
1804_0013_0015_0037_0037.jpg 1 13 15 37 37
1805_0034_0016_0035_0035.jpg 1 34 16 35 35
1806_0005_0005_0065_0065.jpg 1 5 5 65 65
1807_0007_0032_0046_0046.jpg 1 7 32 46 46
1808_0007_0039_0052_0052.jpg 1 7 39 52 52
1809_0011_0021_0047_0047.jpg 1 11 21 47 47
1810_0053_0049_0040_0040.jpg 1 53 49 40 40
1811_0029_0051_0030_0030.jpg 1 29 51 30 30
1812_0009_0006_0040_0040.jpg 1 9 6 40 40
1813_0043_0021_0043_0043.jpg 1 43 21 43 43
1814_0049_0029_0040_0040.jpg 1 49 29 40 40
1815_0009_0034_0036_0036.jpg 1 9 34 36 36
1816_0013_0024_0033_0033.jpg 1 13 24 33 33
1817_0056_0043_0029_0029.jpg 1 56 43 29 29
1818_0036_0011_0038_0038.jpg 1 36 11 38 38
1819_0052_0049_0028_0028.jpg 1 52 49 28 28
1820_0031_0031_0043_0043.jpg 1 31 31 43 43
1821_0035_0033_0053_0053.jpg 1 35 33 53 53
1822_0040_0039_0041_0041.jpg 1 40 39 41 41
1823_0018_0061_0024_0024.jpg 1 18 61 24 24
1824_0059_0042_0032_0032.jpg 1 59 42 32 32
1825_0030_0037_0034_0034.jpg 1 30 37 34 34
1826_0020_0006_0063_0063.jpg 1 20 6 63 63
1827_0019_0020_0059_0059.jpg 1 19 20 59 59
1828_0005_0008_0066_0066.jpg 1 5 8 66 66
1829_0025_0025_0060_0060.jpg 1 25 25 60 60
1830_0046_0023_0045_0045.jpg 1 46 23 45 45
1831_0012_0016_0069_0069.jpg 1 12 16 69 69
1832_0022_0027_0059_0059.jpg 1 22 27 59 59
1833_0023_0039_0034_0034.jpg 1 23 39 34 34
1834_0009_0019_0060_0060.jpg 1 9 19 60 60
1835_0010_0033_0047_0047.jpg 1 10 33 47 47
1836_0005_0007_0066_0066.jpg 1 5 7 66 66
1837_0007_0020_0063_0063.jpg 1 7 20 63 63
1838_0036_0011_0055_0055.jpg 1 36 11 55 55
1839_0009_0033_0054_0054.jpg 1 9 33 54 54
1840_0029_0007_0066_0066.jpg 1 29 7 66 66
1841_0021_0021_0057_0057.jpg 1 21 21 57 57
1842_0039_0038_0050_0050.jpg 1 39 38 50 50
1843_0005_0012_0061_0061.jpg 1 5 12 61 61
1844_0015_0036_0031_0031.jpg 1 15 36 31 31
1845_0034_0038_0024_0024.jpg 1 34 38 24 24
1846_0033_0020_0063_0063.jpg 1 33 20 63 63
1847_0023_0020_0050_0050.jpg 1 23 20 50 50
1848_0015_0039_0032_0032.jpg 1 15 39 32 32
1849_0026_0023_0044_0044.jpg 1 26 23 44 44
1850_0009_0037_0038_0038.jpg 1 9 37 38 38
1851_0053_0039_0039_0039.jpg 1 53 39 39 39
1852_0057_0035_0026_0026.jpg 1 57 35 26 26
1853_0020_0038_0051_0051.jpg 1 20 38 51 51
1854_0038_0048_0042_0042.jpg 1 38 48 42 42
1855_0044_0022_0046_0046.jpg 1 44 22 46 46
1856_0013_0022_0059_0059.jpg 1 13 22 59 59
1857_0022_0052_0037_0037.jpg 1 22 52 37 37
1858_0011_0011_0058_0058.jpg 1 11 11 58 58
1859_0010_0024_0065_0065.jpg 1 10 24 65 65
1860_0033_0039_0052_0052.jpg 1 33 39 52 52
1861_0027_0030_0026_0026.jpg 1 27 30 26 26
1862_0028_0032_0043_0043.jpg 1 28 32 43 43
1863_0034_0026_0036_0036.jpg 1 34 26 36 36
1864_0022_0023_0050_0050.jpg 1 22 23 50 50
1865_0035_0009_0039_0039.jpg 1 35 9 39 39
1866_0047_0046_0039_0039.jpg 1 47 46 39 39
1867_0036_0036_0045_0045.jpg 1 36 36 45 45
1868_0024_0031_0051_0051.jpg 1 24 31 51 51
1869_0025_0038_0028_0028.jpg 1 25 38 28 28
1870_0025_0010_0065_0065.jpg 1 25 10 65 65
1871_0009_0004_0068_0068.jpg 1 9 4 68 68
1872_0025_0007_0058_0058.jpg 1 25 7 58 58
1873_0017_0040_0045_0045.jpg 1 17 40 45 45
1874_0036_0011_0045_0045.jpg 1 36 11 45 45
1875_0009_0025_0056_0056.jpg 1 9 25 56 56
1876_0024_0013_0057_0057.jpg 1 24 13 57 57
1877_0023_0036_0025_0025.jpg 1 23 36 25 25
1878_0034_0038_0043_0043.jpg 1 34 38 43 43
1879_0023_0043_0039_0039.jpg 1 23 43 39 39
1880_0018_0014_0042_0042.jpg 1 18 14 42 42
1881_0017_0010_0048_0048.jpg 1 17 10 48 48
1882_0038_0008_0052_0052.jpg 1 38 8 52 52
1883_0015_0012_0031_0031.jpg 1 15 12 31 31
1884_0024_0056_0031_0031.jpg 1 24 56 31 31
1885_0021_0026_0027_0027.jpg 1 21 26 27 27
1886_0011_0029_0054_0054.jpg 1 11 29 54 54
1887_0027_0017_0038_0038.jpg 1 27 17 38 38
1888_0025_0030_0052_0052.jpg 1 25 30 52 52
1889_0012_0019_0069_0069.jpg 1 12 19 69 69
1890_0012_0006_0065_0065.jpg 1 12 6 65 65
1891_0011_0033_0047_0047.jpg 1 11 33 47 47
1892_0024_0046_0046_0046.jpg 1 24 46 46 46
1893_0027_0023_0055_0055.jpg 1 27 23 55 55
1894_0026_0009_0033_0033.jpg 1 26 9 33 33
1895_0042_0051_0027_0027.jpg 1 42 51 27 27
1896_0024_0011_0050_0050.jpg 1 24 11 50 50
1897_0010_0013_0049_0049.jpg 1 10 13 49 49
1898_0030_0008_0066_0066.jpg 1 30 8 66 66
1899_0037_0021_0057_0057.jpg 1 37 21 57 57
1900_0025_0033_0046_0046.jpg 1 25 33 46 46
1901_0014_0016_0061_0061.jpg 1 14 16 61 61
1902_0004_0005_0056_0056.jpg 1 4 5 56 56
1903_0026_0025_0042_0042.jpg 1 26 25 42 42
1904_0005_0026_0051_0051.jpg 1 5 26 51 51
1905_0033_0026_0043_0043.jpg 1 33 26 43 43
1906_0036_0042_0040_0040.jpg 1 36 42 40 40
1907_0051_0034_0036_0036.jpg 1 51 34 36 36
1908_0025_0019_0066_0066.jpg 1 25 19 66 66
1909_0016_0028_0068_0068.jpg 1 16 28 68 68
1910_0031_0008_0061_0061.jpg 1 31 8 61 61
1911_0043_0010_0048_0048.jpg 1 43 10 48 48
1912_0003_0004_0068_0068.jpg 1 3 4 68 68
1913_0016_0044_0043_0043.jpg 1 16 44 43 43
1914_0031_0016_0064_0064.jpg 1 31 16 64 64
1915_0036_0039_0034_0034.jpg 1 36 39 34 34
1916_0033_0026_0052_0052.jpg 1 33 26 52 52
1917_0053_0010_0032_0032.jpg 1 53 10 32 32
1918_0041_0014_0034_0034.jpg 1 41 14 34 34
1919_0026_0032_0035_0035.jpg 1 26 32 35 35
1920_0023_0012_0024_0024.jpg 1 23 12 24 24
1921_0029_0022_0062_0062.jpg 1 29 22 62 62
1922_0041_0012_0032_0032.jpg 1 41 12 32 32
1923_0010_0020_0028_0028.jpg 1 10 20 28 28
1924_0028_0037_0043_0043.jpg 1 28 37 43 43
1925_0029_0025_0026_0026.jpg 1 29 25 26 26
1926_0036_0008_0055_0055.jpg 1 36 8 55 55
1927_0021_0032_0064_0064.jpg 1 21 32 64 64
